%RightLeg, v=8, F0=90
0	3.81676331
1.136246677	3.528248436
2.272493354	3.886662818
3.408740031	3.943835741
4.544986707	3.526841478
5.681233384	4.09800004
6.817480061	3.848386782
7.953726738	3.800531999
9.089973415	4.094816685
10.22622009	3.801961946
11.03820352	3.92
12.37153685	3.92
13.70487019	3.92
15.03820352	3.92
16.37153685	3.92
17.70487019	3.92
19.03820352	3.92
20.37153685	3.92
21.28346673	4.41
22.23972589	4.9
23.57305922	4.9
24.56517768	5.39
25.58690176	5.88
26.63348255	6.37
27.70122878	6.86
29.03456211	6.86
30.36789545	6.86
31.45388106	7.35
32.55574729	7.84
33.67156494	8.33
34.60558847	9.31
35.75465678	9.8
36.74537655	10.78
37.91880939	11.27
38.95199717	12.25
40.00803103	13.23
41.08363395	14.21
42.06146987	15.68
43.17557592	16.66
44.20271749	18.13
45.25325952	19.6
46.24015661	21.56
47.33322523	23.03
48.36836735	24.99
49.49254286	26.46
50.56376741	28.42
51.65179204	30.38
52.75449206	32.34
53.87011851	34.3
54.94729916	36.75
56.08702975	38.71
57.19086284	41.16
58.30706084	43.61
59.39422395	46.55
60.53306143	49
61.64433179	51.94
62.7666391	54.88
63.89879042	57.82
65.03977009	60.76
66.1586923	64.19
67.28726352	67.62
68.42447355	71.05
69.54313586	74.97
70.67083889	78.89
71.8309098	82.32
72.9966159	85.75
74.21339119	88.2
75.45525774	90.16
76.74342412	91.14
78.07675745	91.14
% relax
0.1666666667	89.93958042
0.3333333333	89.20618278
0.5	88.47586203
0.6666666667	87.7634783
0.8333333333	87.21931715
1	86.696932
1.166666667	86.19589281
1.333333333	85.7153648
1.5	85.25436707
1.666666667	84.95886803
1.833333333	84.533827
2	84.12521112
2.166666667	83.73206028
2.333333333	83.50041886
2.5	83.13539362
2.666666667	82.9301453
2.833333333	82.5898678
3	82.4078197
3.166666667	82.23628326
3.333333333	81.92760131
3.5	81.77514588
3.666666667	81.63133266
3.833333333	81.34859718
4	81.22043872
4.166666667	81.09937309
4.333333333	80.83794119
4.5	80.72972299
4.666666667	80.62732092
4.833333333	80.5303548
5	80.43849224
5.166666667	80.35138341
5.333333333	80.2687413
5.5	80.3372734
5.666666667	80.26272186
5.833333333	80.19181011
6	80.12432301
6.166666667	80.2070485
6.333333333	80.14576381
6.5	79.94028428
6.666666667	80.03142542
6.833333333	79.9780225
7	79.77992132
7.166666667	79.73097057
7.333333333	79.6840238
7.5	79.63896408
7.666666667	79.59567606
7.833333333	79.55403343
8	79.36693352
8.166666667	79.32828017
8.333333333	79.29097557
8.5	79.25493774
8.666666667	79.22009145
8.833333333	79.18635699
9	79.1536595
9.166666667	79.12193223
9.333333333	79.09111706
9.5	79.06116057
9.666666667	79.03200314
9.833333333	79.00358621
10	78.975869
10.16666667	78.80181403
10.33333333	78.77537589
10.5	78.74951025
10.66666667	78.72418547
10.83333333	78.69937187
11	78.67503352
11.16666667	78.65113389
11.33333333	78.62764751
11.5	78.60455407
11.66666667	78.58183129
11.83333333	78.55945518
12	78.68440246
12.16666667	78.6626512
12.33333333	78.64118073
12.5	78.61997619
12.66666667	78.5990246
12.83333333	78.57831176
13	78.55782217
13.16666667	78.53754079
13.33333333	78.37045512
13.5	78.3505534
13.66666667	78.33082465
13.83333333	78.31125904
14	78.29184695
14.16666667	78.27257988
14.33333333	78.25345011
14.5	78.08745006
14.66666667	78.06857263
14.83333333	78.04981096
15	78.17815832
15.16666667	78.0126087
15.33333333	77.99415631
15.5	77.97579568
15.66666667	77.95752277
15.83333333	77.93933394
16	77.92122538
16.16666667	77.90319249
16.33333333	77.88523044
16.5	77.86733457
16.66666667	77.70250229
16.83333333	77.68473209
17	77.66702247
17.16666667	77.64937079
17.33333333	77.48477312
17.5	77.46722546
17.66666667	77.44972457
17.83333333	77.28526998
18	77.26786178
18.16666667	77.25049999
18.33333333	77.23318298
18.5	77.06890762
18.66666667	77.0516707
18.83333333	77.03446942
19	77.01730306
19.16666667	77.0001716
19.33333333	76.98307501
19.5	76.96601296
19.66666667	76.80198443
19.83333333	76.78498826
20	76.76802331
20.16666667	76.8980886
20.33333333	76.88118345
20.5	76.86430721
20.66666667	76.84745923
20.83333333	76.97763894
21	76.96084589
21.16666667	76.79707964
21.33333333	76.78033976
21.5	76.76362582
21.66666667	76.74693741
21.83333333	76.7302741
22	76.71363547
22.16666667	76.69702113
22.33333333	76.53343074
22.5	76.51686399
22.66666667	76.50032059
22.83333333	76.48380022
23	76.46730256
23.16666667	76.45082723
23.33333333	76.28737386
23.5	76.27094208
23.66666667	76.25453161
23.83333333	76.09114265
24	76.07477559
24.16666667	76.05843079
24.33333333	76.04210865
24.5	75.87880928
24.66666667	75.86253217
24.83333333	75.84627669
25	75.83004225
25.16666667	75.81382822
25.33333333	75.65063432
25.5	75.63446076
25.66666667	76.05930786
25.83333333	75.89617591
26	76.32106519
26.16666667	76.15797581
26.33333333	75.99490752
26.5	75.97886004
26.66666667	75.81583305
26.83333333	75.79982627
27	75.78383947
27.16666667	75.62087265
27.33333333	75.60492589
27.5	75.58899924
27.66666667	75.57309278
27.83333333	75.55720655
28	75.5413406
28.16666667	75.52549495
28.33333333	75.36266963
28.5	75.34686465
28.66666667	75.33108005
28.83333333	75.3153158
29	75.29957175
29.16666667	75.28384773
29.33333333	75.26814357
29.5	75.25245909
29.66666667	75.23679413
29.83333333	75.22114863
30	75.20552269
30.16666667	75.18991646
30.33333333	75.17433005
30.5	75.1587636
30.66666667	75.14321724
30.83333333	75.12769101
31	75.11218486
31.16666667	75.09669873
31.33333333	75.08123255
31.5	75.06578627
31.66666667	75.05035983
31.83333333	75.03495317
32	75.01956626
32.16666667	75.00419907
32.33333333	74.98885157
32.5	74.97352373
32.66666667	74.95821551
32.83333333	74.94292689
33	75.07465784
33.16666667	75.05940837
33.33333333	75.04417846
33.5	75.0289681
33.66666667	75.01377728
33.83333333	74.99860599
34	74.83645423
34.16666667	74.82132202
34.33333333	74.80620938
34.5	74.79111633
34.66666667	74.77604289
34.83333333	74.76098908
35	74.74595491
35.16666667	74.73094036
35.33333333	74.7159454
35.5	74.70096996
35.66666667	74.686014
35.83333333	74.67107746
36	74.6561603
36.16666667	74.64126247
36.33333333	74.62638396
36.5	74.61152479
36.66666667	74.59668498
36.83333333	74.58186454
37	74.5670635
37.16666667	74.55228188
37.33333333	74.53751969
37.5	74.52277694
37.66666667	74.36105364
37.83333333	74.34634976
38	74.33166529
38.16666667	74.31700024
38.33333333	74.30235458
38.5	74.28772831
38.66666667	74.27312141
38.83333333	74.25853382
39	74.24396546
39.16666667	74.22941625
39.33333333	74.06788611
39.5	74.05337497
39.66666667	74.03888274
39.83333333	74.02440935
40	74.00995475
40.16666667	73.99551897
40.33333333	73.98110206
40.5	73.96670407
40.66666667	73.95232503
40.83333333	73.790965
41	73.77662402
41.16666667	73.76230214
41.33333333	73.74799939
41.5	73.73371573
41.66666667	73.86645111
41.83333333	73.85220551
42	73.83797887
42.16666667	73.82377116
42.33333333	73.80958233
42.5	73.79541234
42.66666667	73.78126116
42.83333333	73.76712876
43	73.75301512
43.16666667	73.73892022
43.33333333	73.72484405
43.5	73.71078659
43.66666667	73.69674782
43.83333333	73.53572772
44	73.52172627
44.16666667	73.50774345
44.33333333	73.49377926
44.5	73.47983368
44.66666667	73.46590668
44.83333333	73.30499827
45	73.29110842
45.16666667	73.27723711
45.33333333	73.26338434
45.5	73.2495501
45.66666667	73.08873435
45.83333333	73.22193711
46	73.20815835
46.16666667	73.19439808
46.33333333	73.18065627
46.5	73.16693291
46.66666667	73.15322801
46.83333333	72.99254155
47	72.97887351
47.16666667	72.96522387
47.33333333	72.95159257
47.5	72.93797956
47.66666667	72.77738478
47.83333333	72.76380818
48	72.75024969
48.16666667	72.73670928
48.33333333	72.72318687
48.5	72.70968241
48.66666667	72.69619587
48.83333333	72.53572725
49	72.52227658
49.16666667	72.50884389
49.33333333	72.4954292
49.5	72.48203254
49.66666667	72.46865394
49.83333333	72.30829342
50	72.29495101
50.16666667	72.42862673
50.33333333	72.41532059
50.5	72.40203254
50.66666667	72.38876255
50.83333333	72.37551057
51	72.21527656
51.16666667	72.20206048
51.33333333	72.18886228
51.5	72.17568192
51.66666667	72.16251936
51.83333333	72.14937456
52	72.13624747
52.16666667	72.12313808
52.33333333	72.11004636
52.5	72.0969723
52.66666667	72.08391586
52.83333333	72.07087702
53	72.05785577
53.16666667	72.19185208
53.33333333	72.17886592
53.5	72.16589728
53.66666667	72.15294613
53.83333333	72.14001246
54	72.12709626
54.16666667	72.11419751
54.33333333	72.10131621
54.5	72.08845234
54.66666667	72.07560589
54.83333333	72.06277685
55	71.90296521
55.16666667	71.89017096
55.33333333	71.87739408
55.5	71.86463455
55.66666667	71.85189237
55.83333333	71.83916749
56	71.82645989
56.16666667	71.81376954
56.33333333	71.80109642
56.5	71.7884405
56.66666667	71.48180175
56.83333333	71.46918014
57	71.45657565
57.16666667	71.44398825
57.33333333	71.43141792
57.5	71.41886463
57.66666667	71.40632838
57.83333333	71.39380915
58	71.38130692
58.16666667	71.36882168
58.33333333	71.35635342
58.5	71.34390212
58.66666667	71.33146777
58.83333333	71.31905036
59	71.30664986
59.16666667	71.14726627
59.33333333	71.13489955
59.5	71.12254969
59.66666667	71.11021664
59.83333333	71.09790037
60	71.08560085
60.16666667	71.07331805
60.33333333	71.06105193
60.5	71.04880246
60.66666667	71.03656961
60.83333333	71.02435334
61	71.01215362
61.16666667	70.85297043
61.33333333	70.84080375
61.5	70.82865358
61.66666667	70.81651994
61.83333333	70.80440281
62	70.79230221
62.16666667	70.78021814
62.33333333	70.7681506
62.5	70.7560996
62.66666667	70.74406514
62.83333333	70.58504723
63	70.57304586
63.16666667	70.41406105
63.33333333	70.40209276
63.5	70.39014096
63.66666667	70.37820558
63.83333333	70.36628659
64	70.35438393
64.16666667	70.34249754
64.33333333	70.33062739
64.5	70.31877341
64.66666667	70.30693556
64.83333333	70.29511379
65	70.28330804
65.16666667	70.27151827
65.33333333	70.25974443
65.5	70.10098651
65.66666667	70.0892445
65.83333333	70.07751841
66	70.06580825
66.16666667	70.05411402
66.33333333	70.04243571
66.5	70.03077334
66.66666667	70.0191269
66.83333333	70.0074964
67	69.84888184
67.16666667	69.83728322
67.33333333	69.82570055
67.5	69.81413383
67.66666667	69.80258303
67.83333333	69.64404813
68	69.63252908
68.16666667	69.62102586
68.33333333	69.60953843
68.5	69.59806675
68.66666667	69.5866108
68.83333333	69.57517054
69	69.56374593
69.16666667	69.40533694
69.33333333	69.39394354
69.5	69.38256568
69.66666667	69.37120335
69.83333333	69.35985651
70	69.34852514
70.16666667	69.48420924
70.33333333	69.4729088
70.5	69.46162381
70.66666667	69.45035424
70.83333333	69.58610011
71	69.57486139
71.16666667	69.71063807
71.33333333	69.69943015
71.5	69.68823761
71.66666667	69.82406044
71.83333333	69.81289863
72	69.80175218
72.16666667	69.79062106
72.33333333	69.77950526
72.5	69.76840476
72.66666667	69.75731953
72.83333333	69.74624956
73	69.73519482
73.16666667	69.72415529
73.33333333	69.71313096
73.5	69.70212179
73.66666667	69.69112777
73.83333333	69.68014888
74	69.66918509
74.16666667	69.51123639
74.33333333	69.50030275
74.5	69.48938416
74.66666667	69.47848058
74.83333333	69.46759199
75	69.45671836
75.16666667	69.44585967
75.33333333	69.43501589
75.5	69.42418699
75.66666667	69.41337295
75.83333333	69.40257373
76	69.39178932
76.16666667	69.38101968
76.33333333	69.37026478
76.5	69.35952461
76.66666667	69.49579913
76.83333333	69.48508832
77	69.47439215
77.16666667	69.4637106
77.33333333	69.45304368
77.5	69.44239137
77.66666667	69.43175366
77.83333333	69.42113055
78	69.26352203
78.16666667	69.25292808
78.33333333	69.24234871
78.5	69.2317839
78.66666667	69.22123365
78.83333333	69.21069795
79	69.20017678
79.16666667	69.18967014
79.33333333	69.17917803
79.5	69.16870044
79.66666667	69.15823734
79.83333333	69.14778871
80	69.13735453
80.16666667	69.12693477
80.33333333	69.1165294
80.5	69.10613839
80.66666667	69.09576172
80.83333333	69.08539936
81	69.07505129
81.16666667	69.06471746
81.33333333	69.05439787
81.5	69.04409248
81.66666667	69.03380127
81.83333333	69.0235242
82	69.01326125
82.16666667	69.00301239
82.33333333	68.99277761
82.5	68.98255689
82.66666667	68.97235021
82.83333333	68.96215755
83	68.95197891
83.16666667	68.94181427
83.33333333	68.78466361
83.5	68.77452692
83.66666667	68.76440418
83.83333333	68.75429538
84	68.74420051
84.16666667	68.73411955
84.33333333	68.87105248
84.5	68.8609993
84.66666667	68.85095998
84.83333333	68.84093451
85	68.83092287
85.16666667	68.82092505
85.33333333	68.81094102
85.5	68.80097075
85.66666667	68.79101423
85.83333333	68.78107143
86	68.77114233
86.16666667	68.7612269
86.33333333	68.75132512
86.5	68.74143697
86.66666667	68.73156242
86.83333333	68.72170146
87	68.56485405
87.16666667	68.55502018
87.33333333	68.54519982
87.5	68.53539295
87.66666667	68.52559954
87.83333333	68.51581958
88	68.50605305
88.16666667	68.49629995
88.33333333	68.48656026
88.5	68.47683397
88.66666667	68.61412108
88.83333333	68.60442157
89	68.59473544
89.16666667	68.58506268
89.33333333	68.57540328
89.5	68.56575722
89.66666667	68.40912451
89.83333333	68.39950512
90	68.38989905
90.16666667	68.3803063
90.33333333	68.37072684
90.5	68.36116068
90.66666667	68.35160781
90.83333333	68.3420682
91	68.33254183
91.16666667	68.17602868
91.33333333	68.16652873
91.5	68.15704195
91.66666667	68.14756832
91.83333333	68.13810781
92	68.1286604
92.16666667	68.11922606
92.33333333	68.10980477
92.5	68.10039651
92.66666667	68.09100125
92.83333333	68.08161897
93	68.07224964
93.16666667	68.06289324
93.33333333	68.05354975
93.5	68.04421913
93.66666667	68.03490138
93.83333333	68.02559646
94	68.01630435
94.16666667	68.00702506
94.33333333	67.99775856
94.5	67.98850484
94.66666667	67.97926388
94.83333333	67.97003567
95	67.9608202
95.16666667	67.80461746
95.33333333	67.79542743
95.5	67.78625009
95.66666667	67.77708543
95.83333333	67.76793345
96	67.61179411
96.16666667	67.60266742
96.33333333	67.59355336
96.5	67.58445191
96.66666667	67.57536306
96.83333333	67.56628679
97	67.55722309
97.16666667	67.54817195
97.33333333	67.53913333
97.5	67.53010722
97.66666667	67.5210936
97.83333333	67.51209245
98	67.50310374
98.16666667	67.49412747
98.33333333	67.4851636
98.5	67.47621213
98.66666667	67.46727302
98.83333333	67.45834626
99	67.59643182
99.16666667	67.5875297
99.33333333	67.57863986
99.5	67.4227623
99.66666667	67.41389698
99.83333333	67.40504388
100	67.396203
100.1666667	67.3873743
100.3333333	67.37855778
100.5	67.22275342
100.6666667	67.21396121
100.8333333	67.20518113
101	67.19641316
101.1666667	67.18765731
101.3333333	67.17891355
101.5	67.17018186
101.6666667	67.16146224
101.8333333	67.15275468
102	67.14405915
102.1666667	67.13537564
102.3333333	67.12670415
102.5	67.11804465
102.6666667	67.10939714
102.8333333	67.10076159
103	67.09213801
103.1666667	67.08352636
103.3333333	67.07492665
103.5	67.06633885
103.6666667	67.05776295
103.8333333	67.04919893
104	67.18764677
104.1666667	67.03210647
104.3333333	67.023578
104.5	67.01506134
104.6666667	67.00655648
104.8333333	66.9980634
105	66.98958209
105.1666667	66.83411253
105.3333333	66.82565469
105.5	66.81720857
105.6666667	66.80877415
105.8333333	66.80035141
106	66.79194034
106.1666667	66.78354091
106.3333333	66.77515311
106.5	66.76677692
106.6666667	66.75841234
106.8333333	66.75005933
107	66.74171789
107.1666667	66.73338799
107.3333333	66.72506964
107.5	66.71676281
107.6666667	66.5614675
107.8333333	66.55318368
108	66.54491136
108.1666667	66.5366505
108.3333333	66.52840111
108.5	66.52016317
108.6666667	66.51193666
108.8333333	66.50372157
109	66.49551789
109.1666667	66.48732562
109.3333333	66.47914472
109.5	66.47097519
109.6666667	66.46281703
109.8333333	66.45467021
110	66.44653472
110.1666667	66.43841055
110.3333333	66.43029769
110.5	66.42219612
110.6666667	66.41410582
110.8333333	66.40602679
111	66.39795898
111.1666667	66.38990239
111.3333333	66.381857
111.5	66.37382278
111.6666667	66.36579971
111.8333333	66.21078778
112	66.20278696
112.1666667	66.19479723
112.3333333	66.18681858
112.5	66.17885098
112.6666667	66.17089441
112.8333333	66.16294885
113	66.15501429
113.1666667	66.1470907
113.3333333	66.13917806
113.5	65.98427635
113.6666667	66.12338556
113.8333333	66.11550565
114	65.96063662
114.1666667	65.95277843
114.3333333	65.94493109
114.5	65.93709457
114.6666667	65.92926886
114.8333333	65.77445395
115	65.76664984
115.1666667	65.7588565
115.3333333	65.75107393
115.5	65.74330212
115.6666667	65.73554106
115.8333333	65.72779073
116	65.72005112
116.1666667	65.71232222
116.3333333	65.70460403
116.5	65.69689652
116.6666667	65.68919969
116.8333333	65.68151353
117	65.67383802
117.1666667	65.66617316
117.3333333	65.65851893
117.5	65.65087532
117.6666667	65.64324232
117.8333333	65.63561992
118	65.48100811
118.1666667	65.47340687
118.3333333	65.46581619
118.5	65.45823605
118.6666667	65.30366644
118.8333333	65.29610735
119	65.28855876
119.1666667	65.28102066
119.3333333	65.27349302
119.5	65.26597584
119.6666667	65.25846911
119.8333333	65.2509728
120	65.2434869
120.1666667	65.3830114
120.3333333	65.37554629
120.5	65.36809154
120.6666667	65.36064715
120.8333333	65.3532131
121	65.34578937
121.1666667	65.33837596
121.3333333	65.33097284
121.5	65.17658
121.6666667	65.16919742
121.8333333	65.1618251
122	65.15446301
122.1666667	65.14711115
122.3333333	65.2867695
122.5	65.27943803
122.6666667	65.27211675
122.8333333	65.26480563
123	65.25750466
123.1666667	65.25021382
123.3333333	65.24293311
123.5	65.2356625
123.6666667	65.22840197
123.8333333	65.22115153
124	65.21391114
124.1666667	65.2066808
124.3333333	65.1994605
124.5	65.19225021
124.6666667	65.18504992
124.8333333	65.17785962
125	65.17067929
125.1666667	65.16350892
125.3333333	65.15634849
125.5	65.14919799
125.6666667	64.99505741
125.8333333	64.98792672
126	64.98080592
126.1666667	64.973695
126.3333333	64.96659393
126.5	64.95950271
126.6666667	64.95242133
126.8333333	64.94534978
127	64.93828805
127.1666667	64.93123612
127.3333333	64.92419398
127.5	64.91716163
127.6666667	64.91013904
127.8333333	64.90312622
128	64.89612314
128.1666667	64.88912981
128.3333333	64.8821462
128.5	64.8751723
128.6666667	64.86820811
128.8333333	64.8612536
129	64.85430878
129.1666667	64.84737363
129.3333333	64.84044814
129.5	64.6865323
129.6666667	64.67962609
129.8333333	64.67272951
130	64.66584254
130.1666667	64.65896518
130.3333333	64.6520974
130.5	64.64523919
130.6666667	64.63839055
130.8333333	64.63155144
131	64.62472186
131.1666667	64.61790178
131.3333333	64.6110912
131.5	64.60429009
131.6666667	64.59749844
131.8333333	64.44371623
132	64.43694346
132.1666667	64.43018009
132.3333333	64.42342611
132.5	64.41668151
132.6666667	64.40994628
132.8333333	64.40322038
133	64.54350382
133.1666667	64.53679657
133.3333333	64.53009862
133.5	64.52340994
133.6666667	64.51673053
133.8333333	64.51006037
134	64.35639944
134.1666667	64.34974772
134.3333333	64.3431052
134.5	64.33647187
134.6666667	64.3298477
134.8333333	64.32323269
135	64.31662683
135.1666667	64.31003012
135.3333333	64.30344254
135.5	64.29686408
135.6666667	64.29029474
135.8333333	64.28373451
136	64.27718337
136.1666667	64.27064133
136.3333333	64.26410837
136.5	64.25758448
136.6666667	64.25106966
136.8333333	64.24456389
137	64.23806717
137.1666667	64.23157948
137.3333333	64.22510083
137.5	64.0716312
137.6666667	64.21217058
137.8333333	64.20571897
138	64.19927635
138.1666667	64.19284271
138.3333333	64.18641806
138.5	64.18000237
138.6666667	64.17359565
138.8333333	64.16719787
139	64.16080904
139.1666667	64.15442915
139.3333333	64.14805817
139.5	64.14169609
139.6666667	64.13534291
139.8333333	64.12899859
140	64.26966314
140.1666667	64.11633652
140.3333333	64.11001874
140.5	64.10370977
140.6666667	64.0974096
140.8333333	64.09111821
141	64.08483559
141.1666667	64.07856173
141.3333333	64.0722966
141.5	64.0660402
141.6666667	64.05979251
141.8333333	64.05355351
142	64.04732319
142.1666667	63.89410154
142.3333333	63.88788853
142.5	63.88168417
142.6666667	63.87548842
142.8333333	63.86930127
143	63.86312272
143.1666667	63.85695274
143.3333333	63.85079132
143.5	63.84463845
143.6666667	63.83849411
143.8333333	63.83235828
144	63.82623096
144.1666667	63.82011214
144.3333333	63.81400181
144.5	63.80789995
144.6666667	63.80180656
144.8333333	63.64872162
145	63.64264513
145.1666667	63.63657708
145.3333333	63.63051745
145.5	63.62446624
145.6666667	63.61842343
145.8333333	63.61238901
146	63.60636298
146.1666667	63.60034532
146.3333333	63.59433603
146.5	63.44133509
146.6666667	63.43534249
146.8333333	63.42935823
147	63.42338229
147.1666667	63.27041466
147.3333333	63.26445533
147.5	63.11150429
147.6666667	63.10556154
147.8333333	63.09962706
148	63.09370084
148.1666667	62.94078286
148.3333333	62.93487313
148.5	62.92897163
148.6666667	62.92307835
148.8333333	62.91719328
149	62.9113164
149.1666667	62.90544771
149.3333333	62.89958719
149.5	62.89373484
149.6666667	62.88789063
149.8333333	62.88205456
150	62.87622663
150.1666667	62.87040681
150.3333333	62.86459509
150.5	62.85879147
150.6666667	62.85299593
150.8333333	62.84720847
151	62.84142906
151.1666667	62.9826577
151.3333333	62.97689438
151.5	62.97113908
151.6666667	62.8183918
151.8333333	62.81265252
152	62.80692124
152.1666667	62.80119793
152.3333333	62.79548259
152.5	62.78977521
152.6666667	62.78407578
152.8333333	62.77838428
153	62.7727007
153.1666667	62.76702504
153.3333333	62.90835727
153.5	62.9026974
153.6666667	62.8970454
153.8333333	62.89140127
154	62.885765
154.1666667	62.88013657
154.3333333	62.87451597
154.5	63.0159032
154.6666667	63.01029825
154.8333333	63.00470109
155	62.99911172
155.1666667	62.99353014
155.3333333	62.98795632
155.5	62.83539026
155.6666667	62.82983195
155.8333333	62.97128138
156	62.96573853
156.1666667	62.96020339
156.3333333	62.95467596
156.5	62.94915622
156.6666667	62.94364416
156.8333333	62.93813977
157	62.93264305
157.1666667	62.92715397
157.3333333	62.92167253
157.5	62.91619871
157.6666667	62.91073251
157.8333333	62.90527392
158	63.04682292
158.1666667	63.04137951
158.3333333	63.03594366
158.5	63.03051538
158.6666667	63.02509465
158.8333333	63.01968146
159	63.0142758
159.1666667	63.00887767
159.3333333	63.00348705
159.5	62.99810393
159.6666667	62.9927283
159.8333333	62.98736016
160	62.98199949
160.1666667	62.97664629
160.3333333	62.97130054
160.5	62.96596224
160.6666667	62.96063138
160.8333333	62.95530794
161	62.94999192
161.1666667	62.94468331
161.3333333	62.9393821
161.5	62.93408828
161.6666667	62.92880184
161.8333333	62.92352277
162	62.91825105
162.1666667	62.91298669
162.3333333	62.90772968
162.5	62.90247999
162.6666667	62.89723763
162.8333333	62.89200258
163	63.03377483
163.1666667	63.02855438
163.3333333	63.02334121
163.5	63.01813532
163.6666667	63.01293669
163.8333333	63.00774532
164	63.0025612
164.1666667	62.99738432
164.3333333	62.99221465
164.5	62.98705221
164.6666667	62.98189697
164.8333333	62.82974892
165	62.82460806
165.1666667	62.81947438
165.3333333	62.81434786
165.5	62.80922849
165.6666667	62.80411626
165.8333333	62.79901117
166	62.7939132
166.1666667	62.78882234
166.3333333	62.78373858
166.5	62.77866192
166.6666667	62.77359233
166.8333333	62.76852982
167	62.76347436
167.1666667	62.75842596
167.3333333	62.7533846
167.5	62.74835026
167.6666667	62.74332295
167.8333333	62.88530264
168	62.73328933
168.1666667	62.72828301
168.3333333	62.72328367
168.5	62.71829129
168.6666667	62.71330587
168.8333333	62.8553274
169	62.85035586
169.1666667	62.84539125
169.3333333	62.84043355
169.5	62.83548276
169.6666667	62.97753887
169.8333333	62.97260186
170	62.96767173
170.1666667	62.96274847
170.3333333	62.95783206
170.5	62.95292251
170.6666667	62.94801979
170.8333333	62.94312391
171	62.93823485
171.1666667	62.78635259
171.3333333	62.78147715
171.5	62.77660849
171.6666667	62.77174662
171.8333333	62.91389152
172	62.90904318
172.1666667	62.75720161
172.3333333	62.75236677
172.5	62.74753868
172.6666667	62.74271731
172.8333333	62.73790266
173	62.73309472
173.1666667	62.72829348
173.3333333	62.72349892
173.5	62.71871105
173.6666667	62.71392985
173.8333333	62.70915531
174	62.70438742
174.1666667	62.69962618
174.3333333	62.69487157
174.5	62.83712358
174.6666667	62.83238221
174.8333333	62.82764745
175	62.82291928
175.1666667	62.81819769
175.3333333	62.81348269
175.5	62.80877426
175.6666667	62.80407239
175.8333333	62.79937707
176	62.7946883
176.1666667	62.79000606
176.3333333	62.78533035
176.5	62.78066116
176.6666667	62.77599849
176.8333333	62.77134232
177	62.76669264
177.1666667	62.76204945
177.3333333	62.75741273
177.5	62.75278249
177.6666667	62.74815871
177.8333333	62.74354138
178	62.73893049
178.1666667	62.73432604
178.3333333	62.72972802
178.5	62.87213642
178.6666667	62.86755123
178.8333333	62.86297244
179	62.85840004
179.1666667	62.85383404
179.3333333	62.8492744
179.5	62.84472114
179.6666667	62.84017424
179.8333333	62.83563369
180	62.83109948
180.1666667	62.82657161
180.3333333	62.82205007
180.5	62.81753484
180.6666667	62.66602592
180.8333333	62.66152331
181	62.65702699
181.1666667	62.65253695
181.3333333	62.64805319
181.5	62.49657569
181.6666667	62.49210445
181.8333333	62.48763945
182	62.4831807
182.1666667	62.47872817
182.3333333	62.32728186
182.5	62.32284175
182.6666667	62.31840785
182.8333333	62.31398014
183	62.30955861
183.1666667	62.30514326
183.3333333	62.30073406
183.5	62.29633102
183.6666667	62.29193413
183.8333333	62.28754336
184	62.28315873
184.1666667	62.27878021
184.3333333	62.2744078
184.5	62.27004149
184.6666667	62.26568126
184.8333333	62.26132712
185	62.25697904
185.1666667	62.25263703
185.3333333	62.24830106
185.5	62.24397114
185.6666667	62.23964726
185.8333333	62.23532939
186	62.23101754
186.1666667	62.2267117
186.3333333	62.22241185
186.5	62.07111798
186.6666667	62.0668301
186.8333333	62.06254818
187	62.05827222
187.1666667	62.05400221
187.3333333	62.04973815
187.5	62.04548002
187.6666667	62.04122783
187.8333333	62.03698155
188	62.03274119
188.1666667	62.02850674
188.3333333	62.17127819
188.5	62.16705553
188.6666667	62.16283875
188.8333333	62.15862786
189	62.15442283
189.1666667	62.00322367
189.3333333	61.99903037
189.5	61.99484291
189.6666667	61.9906613
189.8333333	62.13348552
190	61.98231557
190.1666667	62.12515144
190.3333333	61.97399312
190.5	61.9698406
190.6666667	61.96569389
190.8333333	61.96155296
191	61.95741782
191.1666667	61.95328845
191.3333333	61.94916486
191.5	61.94504702
191.6666667	61.94093494
191.8333333	61.9368286
192	61.93272801
192.1666667	61.92863314
192.3333333	61.924544
192.5	61.92046058
192.6666667	61.91638287
192.8333333	61.91231086
193	61.90824455
193.1666667	61.90418393
193.3333333	61.90012898
193.5	61.89607971
193.6666667	61.89203611
193.8333333	61.88799816
194	61.88396586
194.1666667	61.8799392
194.3333333	61.87591817
194.5	61.87190277
194.6666667	61.86789299
194.8333333	61.86388882
195	61.85989025
195.1666667	61.85589727
195.3333333	61.85190988
195.5	61.84792807
195.6666667	61.84395182
195.8333333	61.83998114
196	61.83601602
196.1666667	61.83205644
196.3333333	61.8281024
196.5	61.82415389
196.6666667	61.8202109
196.8333333	61.81627343
197	61.81234146
197.1666667	61.808415
197.3333333	61.80449402
197.5	61.80057853
197.6666667	61.64966851
197.8333333	61.64576397
198	61.64186488
198.1666667	61.63797124
198.3333333	61.63408305
198.5	61.63020029
198.6666667	61.62632296
198.8333333	61.76945106
199	61.76558456
199.1666667	61.76172347
199.3333333	61.75786778
199.5	61.75401747
199.6666667	61.75017255
199.8333333	61.74633299
200	61.74249881
200.1666667	61.73866998
200.3333333	61.7348465
200.5	61.73102837
200.6666667	61.87421557
200.8333333	61.8704081
201	61.86660595
201.1666667	61.86280912
201.3333333	61.85901758
201.5	61.85523135
201.6666667	61.85145041
201.8333333	61.99467474
202	61.99090436
202.1666667	61.98713924
202.3333333	61.98337938
202.5	61.97962478
202.6666667	61.97587541
202.8333333	61.97213129
203	61.9683924
203.1666667	61.96465872
203.3333333	61.96093027
203.5	61.95720702
203.6666667	61.95348897
203.8333333	61.94977611
204	61.94606843
204.1666667	61.94236594
204.3333333	61.93866861
204.5	61.93497644
204.6666667	61.93128943
204.8333333	61.92760757
205	61.92393084
205.1666667	61.92025925
205.3333333	61.91659278
205.5	61.91293143
205.6666667	61.90927518
205.8333333	61.90562404
206	61.90197799
206.1666667	61.89833703
206.3333333	61.89470114
206.5	61.89107033
206.6666667	61.88744459
206.8333333	61.8838239
207	61.88020827
207.1666667	61.87659768
207.3333333	61.87299213
207.5	61.86939162
207.6666667	61.86579613
207.8333333	61.86220566
208	61.85862021
208.1666667	61.85503976
208.3333333	61.85146432
208.5	61.84789387
208.6666667	61.8443284
208.8333333	61.98776792
209	61.98421242
209.1666667	61.98066188
209.3333333	61.9771163
209.5	61.97357569
209.6666667	61.97004002
209.8333333	61.96650929
210	61.9629835
210.1666667	62.10646264
210.3333333	62.1029467
210.5	62.09943568
210.6666667	62.09592957
210.8333333	62.09242836
211	62.08893205
211.1666667	62.08544063
211.3333333	62.0819541
211.5	62.07847244
211.6666667	62.22199566
211.8333333	62.21852374
212	62.21505668
212.1666667	62.21159447
212.3333333	62.20813711
212.5	62.35168459
212.6666667	62.3482369
212.8333333	62.34479404
213	62.34135599
213.1666667	62.33792276
213.3333333	62.33449434
213.5	62.33107072
213.6666667	62.32765189
213.8333333	62.32423784
214	62.32082858
214.1666667	62.31742409
214.3333333	62.31402437
214.5	62.3106294
214.6666667	62.30723919
214.8333333	62.30385373
215	62.447473
215.1666667	62.44409701
215.3333333	62.44072574
215.5	62.4373592
215.6666667	62.28699736
215.8333333	62.28364023
216	62.28028781
216.1666667	62.27694007
216.3333333	62.27359702
216.5	62.27025865
216.6666667	62.26692495
216.8333333	62.26359591
217	62.11327154
217.1666667	62.10995181
217.3333333	62.25363673
217.5	62.25032629
217.6666667	62.24702049
217.8333333	62.2437193
218	62.24042274
218.1666667	62.23713079
218.3333333	62.08684344
218.5	62.08356069
218.6666667	62.08028253
218.8333333	62.07700896
219	61.63273996
219.1666667	61.62947554
219.3333333	61.62621568
219.5	61.62296038
219.6666667	61.61970963
219.8333333	61.61646342
220	61.76022175
220.1666667	61.75698461
220.3333333	61.753752
220.5	61.75052391
220.6666667	61.74730032
220.8333333	61.74408124
221	61.74086667
221.1666667	61.73765658
221.3333333	61.73445099
221.5	61.73124988
221.6666667	61.72805324
221.8333333	61.72486108
222	61.72167338
222.1666667	61.71849013
222.3333333	61.71531135
222.5	61.712137
222.6666667	61.7089671
222.8333333	61.70580164
223	61.7026406
223.1666667	61.55248399
223.3333333	61.54933179
223.5	61.69318401
223.6666667	61.69004063
223.8333333	61.68690165
224	61.68376706
224.1666667	61.68063686
224.3333333	61.67751104
224.5	61.6743896
224.6666667	61.67127253
224.8333333	61.66815982
225	61.66505147
225.1666667	61.66194748
225.3333333	61.65884782
225.5	61.65575251
225.6666667	61.65266154
225.8333333	61.64957489
226	61.79349256
226.1666667	61.79041455
226.3333333	61.64034085
226.5	61.63727146
226.6666667	61.63420636
226.8333333	61.63114556
227	61.48108905
227.1666667	61.47803681
227.3333333	61.47498885
227.5	61.47194516
227.6666667	61.46890574
227.8333333	61.46587057
228	61.46283965
228.1666667	61.45981298
228.3333333	61.45679054
228.5	61.45377234
228.6666667	61.30375837
228.8333333	61.44774863
229	61.44474309
229.1666667	61.44174177
229.3333333	61.43874466
229.5	61.43575174
229.6666667	61.43276301
229.8333333	61.42977848
230	61.42679812
230.1666667	61.42382194
230.3333333	61.42084993
230.5	61.41788208
230.6666667	61.4149184
230.8333333	61.41195886
231	61.40900347
231.1666667	61.40605222
231.3333333	61.4031051
231.5	61.40016212
231.6666667	61.39722325
231.8333333	61.39428851
232	61.39135787
232.1666667	61.38843134
232.3333333	61.23850891
232.5	61.23559057
232.6666667	61.23267633
232.8333333	61.22976616
233	61.22686007
233.1666667	61.22395805
233.3333333	61.22106009
233.5	61.2181662
233.6666667	61.21527635
233.8333333	61.21239056
234	61.2095088
234.1666667	61.20663108
234.3333333	61.20375739
234.5	61.20088772
234.6666667	61.19802207
234.8333333	61.19516043
235	61.1923028
235.1666667	61.18944917
235.3333333	61.18659953
235.5	61.33075388
235.6666667	61.32791222
235.8333333	61.32507453
236	61.32224082
236.1666667	61.17241107
236.3333333	61.16958529
236.5	61.16676346
236.6666667	61.16394559
236.8333333	61.16113166
237	61.15832167
237.1666667	61.15551562
237.3333333	61.1527135
237.5	61.1499153
237.6666667	61.14712102
237.8333333	60.99733066
238	60.99454421
238.1666667	60.99176166
238.3333333	60.98898301
238.5	60.98620825
238.6666667	60.98343738
238.8333333	60.98067039
239	60.97790728
239.1666667	60.97514804
239.3333333	60.97239267
239.5	60.96964116
239.6666667	60.9668935
239.8333333	60.9641497
240	60.96140974
240.1666667	60.95867362
240.3333333	60.95594134
240.5	60.95321288
240.6666667	60.95048825
240.8333333	60.94776743
241	60.79805043
241.1666667	60.79533724
241.3333333	60.79262785
241.5	60.78992226
241.6666667	60.78722046
241.8333333	60.78452244
242	60.78182821
242.1666667	60.77913775
242.3333333	60.77645107
242.5	60.77376815
242.6666667	60.77108899
242.8333333	60.76841358
243	60.76574192
243.1666667	60.76307401
243.3333333	60.76040984
243.5	60.6107494
243.6666667	60.60809269
243.8333333	60.6054397
244	60.74979043
244.1666667	60.74714488
244.3333333	60.59750303
244.5	60.59486489
244.6666667	60.59223045
244.8333333	60.5895997
245	60.58697265
245.1666667	60.58434927
245.3333333	60.58172958
245.5	60.57911356
245.6666667	60.5765012
245.8333333	60.57389252
246	60.57128749
246.1666667	60.56868612
246.3333333	60.56608839
246.5	60.56349431
246.6666667	60.56090387
246.8333333	60.55831707
247	60.55573389
247.1666667	60.70015434
247.3333333	60.69757841
247.5	60.69500609
247.6666667	60.54543739
247.8333333	60.54287228
248	60.54031078
248.1666667	60.53775287
248.3333333	60.53519855
248.5	60.53264782
248.6666667	60.53010067
248.8333333	60.52755709
249	60.52501708
249.1666667	60.52248063
249.3333333	60.51994775
249.5	60.51741842
249.6666667	60.51489264
249.8333333	60.51237041
250	60.36285171
250.1666667	60.36033655
250.3333333	60.35782492
250.5	60.35531682
250.6666667	60.35281224
250.8333333	60.35031117
251	60.34781361
251.1666667	60.34531955
251.3333333	60.342829
251.5	60.34034194
251.6666667	60.33785838
251.8333333	60.3353783
252	60.3329017
252.1666667	60.33042857
252.3333333	60.32795892
252.5	60.32549273
252.6666667	60.32303001
252.8333333	60.32057074
253	60.31811493
253.1666667	60.16866256
253.3333333	60.31321363
253.5	60.16376814
253.6666667	60.30832609
253.8333333	60.15888746
254	60.15645226
254.1666667	60.30102047
254.3333333	60.1515921
254.5	60.14916714
254.6666667	60.14674558
254.8333333	60.14432742
255	60.14191265
255.1666667	60.13950128
255.3333333	60.13709328
255.5	60.28168867
255.6666667	60.27928744
255.8333333	60.27688957
256	60.27449507
256.1666667	60.27210393
256.3333333	60.26971614
256.5	60.12033171
256.6666667	60.11795062
256.8333333	60.11557288
257	60.11319847
257.1666667	60.11082739
257.3333333	60.10845964
257.5	60.10609521
257.6666667	60.1037341
257.8333333	60.1013763
258	60.09902181
258.1666667	60.09667062
258.3333333	60.09432273
258.5	60.09197814
258.6666667	60.08963683
258.8333333	60.0872988
259	60.08496406
259.1666667	60.08263259
259.3333333	60.08030438
259.5	60.07797945
259.6666667	60.07565777
259.8333333	60.07333934
260	60.07102417
260.1666667	60.06871224
260.3333333	60.06640356
260.5	59.91709811
260.6666667	59.91479589
260.8333333	59.91249691
261	59.91020114
261.1666667	59.7609086
261.3333333	59.75861927
261.5	59.75633316
261.6666667	59.75405025
261.8333333	59.75177054
262	59.74949403
262.1666667	59.74722071
262.3333333	59.74495059
262.5	59.74268364
262.6666667	59.88741988
262.8333333	59.88515929
263	59.88290188
263.1666667	59.88064763
263.3333333	59.87839654
263.5	59.72914862
263.6666667	59.72690384
263.8333333	59.72466222
264	59.72242374
264.1666667	59.7201884
264.3333333	59.7179562
264.5	59.71572713
264.6666667	59.71350118
264.8333333	59.71127836
265	59.70905866
265.1666667	59.70684207
265.3333333	59.8516286
265.5	59.84941823
265.6666667	59.84721095
265.8333333	59.84500678
266	59.8428057
266.1666667	59.8406077
266.3333333	59.83841279
266.5	59.68922096
266.6666667	59.68703221
266.8333333	59.68484652
267	59.6826639
267.1666667	59.68048434
267.3333333	59.67830784
267.5	59.67613439
267.6666667	59.67396399
267.8333333	59.67179663
268	59.66963232
268.1666667	59.66747103
268.3333333	59.66531278
268.5	59.66315756
268.6666667	59.66100536
268.8333333	59.65885617
269	59.65671001
269.1666667	59.65456685
269.3333333	59.6524267
269.5	59.65028955
269.6666667	59.64815541
269.8333333	59.64602426
270	59.6438961
270.1666667	59.64177093
270.3333333	59.63964874
270.5	59.63752954
270.6666667	59.63541331
270.8333333	59.63330005
271	59.63118976
271.1666667	59.62908244
271.3333333	59.62697808
271.5	59.62487668
271.6666667	59.62277823
271.8333333	59.62068272
272	59.61859017
272.1666667	59.61650056
272.3333333	59.61441388
272.5	59.61233014
272.6666667	59.61024933
272.8333333	59.60817145
273	59.60609649
273.1666667	59.60402444
273.3333333	59.60195532
273.5	59.5998891
273.6666667	59.59782579
273.8333333	59.59576539
274	59.59370788
274.1666667	59.59165327
274.3333333	59.58960155
274.5	59.58755272
274.6666667	59.58550678
274.8333333	59.58346371
275	59.58142352
275.1666667	59.57938621
275.3333333	59.57735176
275.5	59.57532018
275.6666667	59.57329146
275.8333333	59.5712656
276	59.56924259
276.1666667	59.56722243
276.3333333	59.56520511
276.5	59.56319064
276.6666667	59.561179
276.8333333	59.5591702
277	59.55716423
277.1666667	59.55516109
277.3333333	59.55316077
277.5	59.55116327
277.6666667	59.54916858
277.8333333	59.54717671
278	59.54518764
278.1666667	59.54320137
278.3333333	59.5412179
278.5	59.53923723
278.6666667	59.53725935
278.8333333	59.53528426
279	59.53331195
279.1666667	59.53134242
279.3333333	59.52937566
279.5	59.52741167
279.6666667	59.52545046
279.8333333	59.523492
280	59.52153631
280.1666667	59.51958337
280.3333333	59.51763318
280.5	59.51568575
280.6666667	59.51374105
280.8333333	59.51179909
281	59.50985987
281.1666667	59.50792339
281.3333333	59.50598962
281.5	59.50405859
281.6666667	59.64913027
281.8333333	59.64720467
282	59.64528178
282.1666667	59.4963616
282.3333333	59.49444413
282.5	59.49252935
282.6666667	59.49061727
282.8333333	59.48870788
283	59.48680119
283.1666667	59.48489717
283.3333333	59.48299584
283.5	59.33409718
283.6666667	59.33220119
283.8333333	59.33030788
284	59.32841723
284.1666667	59.32652923
284.3333333	59.3246439
284.5	59.17576122
284.6666667	59.17388119
284.8333333	59.1720038
285	59.17012905
285.1666667	59.16825694
285.3333333	59.16638746
285.5	59.16452062
285.6666667	59.16265639
285.8333333	59.16079479
286	59.15893581
286.1666667	59.15707943
286.3333333	59.15522567
286.5	59.15337452
286.6666667	59.15152596
286.8333333	59.14968
287	59.14783664
287.1666667	59.14599587
287.3333333	59.14415768
287.5	59.14232208
287.6666667	59.14048906
287.8333333	59.13865862
288	59.13683075
288.1666667	59.13500546
288.3333333	59.13318272
288.5	59.13136256
288.6666667	59.12954495
288.8333333	59.1277299
289	59.1259174
289.1666667	59.12410745
289.3333333	59.12230005
289.5	59.12049519
289.6666667	59.11869287
289.8333333	59.11689308
290	59.11509583
290.1666667	59.1133011
290.3333333	59.11150891
290.5	59.10971923
290.6666667	59.10793207
290.8333333	59.10614743
291	59.1043653
291.1666667	59.10258568
291.3333333	59.10080856
291.5	58.95203394
291.6666667	58.95026183
291.8333333	58.9484922
292	58.94672507
292.1666667	58.94496042
292.3333333	58.94319826
292.5	58.94143858
292.6666667	58.93968138
292.8333333	58.93792665
293	58.93617439
293.1666667	58.93442459
293.3333333	58.93267726
293.5	58.9309324
293.6666667	58.92918998
293.8333333	58.92745002
294	58.92571251
294.1666667	58.92397745
294.3333333	58.92224483
294.5	58.92051464
294.6666667	58.9187869
294.8333333	58.91706158
295	58.7683387
295.1666667	58.76661824
295.3333333	58.7649002
295.5	58.76318458
295.6666667	58.76147138
295.8333333	58.75976059
296	58.7580522
296.1666667	58.75634622
296.3333333	58.75464264
296.5	58.75294146
296.6666667	58.75124268
296.8333333	58.74954629
297	58.74785228
297.1666667	58.74616066
297.3333333	58.89147142
297.5	58.88978457
297.6666667	58.88810008
297.8333333	58.88641797
298	58.88473823
298.1666667	58.88306086
298.3333333	58.88138584
298.5	58.87971319
298.6666667	58.87804289
298.8333333	58.87637495
299	58.87470936
299.1666667	58.72604611
299.3333333	58.72438521
299.5	58.72272664
299.6666667	58.72107041
299.8333333	58.71941652
300	58.71776496
300.1666667	58.71611572
300.3333333	58.71446881
300.5	58.71282422
300.6666667	58.71118195
300.8333333	58.70954199
301	58.70790435
301.1666667	58.70626901
301.3333333	58.70463597
301.5	58.70300524
301.6666667	58.70137681
301.8333333	58.69975067
302	58.69812682
302.1666667	58.69650526
302.3333333	58.69488599
302.5	58.69326899
302.6666667	58.69165428
302.8333333	58.69004185
303	58.68843168
303.1666667	58.68682379
303.3333333	58.68521816
303.5	58.68361479
303.6666667	58.68201369
303.8333333	58.68041484
304	58.67881824
304.1666667	58.67722389
304.3333333	58.67563179
304.5	58.67404194
304.6666667	58.67245432
304.8333333	58.67086894
305	58.6692858
305.1666667	58.66770488
305.3333333	58.66612619
305.5	58.66454973
305.6666667	58.66297549
305.8333333	58.51440347
306	58.51283366
306.1666667	58.51126606
306.3333333	58.50970067
306.5	58.50813748
306.6666667	58.5065765
306.8333333	58.50501772
307	58.50346113
307.1666667	58.50190674
307.3333333	58.50035454
307.5	58.49880453
307.6666667	58.49725671
307.8333333	58.49571106
308	58.4941676
308.1666667	58.63962632
308.3333333	58.6380872
308.5	58.63655026
308.6666667	58.48801549
308.8333333	58.48648288
309	58.48495244
309.1666667	58.48342415
309.3333333	58.48189802
309.5	58.48037405
309.6666667	58.47885223
309.8333333	58.47733255
310	58.47581502
310.1666667	58.62129964
310.3333333	58.61978639
310.5	58.61827528
310.6666667	58.6167663
310.8333333	58.61525946
311	58.61375474
311.1666667	58.61225215
311.3333333	58.61075168
311.5	58.60925333
311.6666667	58.6077571
311.8333333	58.60626298
312	58.60477097
312.1666667	58.45628107
312.3333333	58.45479328
312.5	58.45330759
312.6666667	58.45182399
312.8333333	58.4503425
313	58.4488631
313.1666667	58.44738579
313.3333333	58.44591056
313.5	58.44443743
313.6666667	58.44296637
313.8333333	58.4414974
314	58.4400305
314.1666667	58.43856567
314.3333333	58.43710292
314.5	58.43564223
314.6666667	58.58118361
314.8333333	58.57972705
315	58.57827255
315.1666667	58.57682011
315.3333333	58.57536972
315.5	58.57392138
315.6666667	58.57247509
315.8333333	58.42403085
316	58.42258865
316.1666667	58.42114848
316.3333333	58.41971036
316.5	58.41827426
316.6666667	58.4168402
316.8333333	58.41540817
317	58.41397816
317.1666667	58.41255017
317.3333333	58.4111242
317.5	58.40970025
317.6666667	58.40827832
317.8333333	58.40685839
318	58.40544047
318.1666667	58.40402456
318.3333333	58.40261065
318.5	58.40119874
318.6666667	58.39978882
318.8333333	58.3983809
319	58.39697498
319.1666667	58.39557103
319.3333333	58.39416908
319.5	58.39276911
319.6666667	58.39137111
319.8333333	58.3899751
320	58.38858105
320.1666667	58.38718898
320.3333333	58.38579888
320.5	58.38441074
320.6666667	58.38302457
320.8333333	58.38164035
321	58.38025809
321.1666667	58.37887779
321.3333333	58.37749944
321.5	58.37612303
321.6666667	58.52174857
321.8333333	58.52037606
322	58.51900548
322.1666667	58.51763684
322.3333333	58.51627013
322.5	58.51490536
322.6666667	58.51354251
322.8333333	58.51218159
323	58.5108226
323.1666667	58.36246552
323.3333333	58.50811036
323.5	58.35975711
323.6666667	58.35840578
323.8333333	58.50405635
324	58.50270883
324.1666667	58.50136322
324.3333333	58.5000195
324.5	58.49867768
324.6666667	58.49733775
324.8333333	58.49599972
325	58.49466357
325.1666667	58.49332931
325.3333333	58.49199694
325.5	58.49066644
325.6666667	58.48933782
325.8333333	58.48801108
326	58.4866862
326.1666667	58.4853632
326.3333333	58.48404206
326.5	58.48272279
326.6666667	58.48140537
326.8333333	58.48008981
327	58.47877611
327.1666667	58.47746426
327.3333333	58.47615426
327.5	58.47484611
327.6666667	58.4735398
327.8333333	58.47223533
328	58.61793271
328.1666667	58.61663192
328.3333333	58.61533297
328.5	58.61403585
328.6666667	58.61274056
328.8333333	58.61144711
329	58.61015548
329.1666667	58.60886567
329.3333333	58.60757768
329.5	58.60629151
329.6666667	58.60500716
329.8333333	58.45672463
330	58.4554439
330.1666667	58.45416499
330.3333333	58.59988788
330.5	58.59861258
330.6666667	58.59733908
330.8333333	58.59606738
331	58.59479748
331.1666667	58.59352937
331.3333333	58.59226306
331.5	58.59099854
331.6666667	58.44273581
331.8333333	58.44147486
332	58.44021569
332.1666667	58.43895831
332.3333333	58.43770271
332.5	58.43644888
332.6666667	58.43519683
332.8333333	58.43394655
333	58.43269804
333.1666667	58.43145129
333.3333333	58.43020631
333.5	58.4289631
333.6666667	58.42772164
333.8333333	58.42648194
334	58.42524399
334.1666667	58.4240078
334.3333333	58.42277336
334.5	58.42154067
334.6666667	58.42030972
334.8333333	58.41908052
335	58.41785306
335.1666667	58.41662733
335.3333333	58.41540335
335.5	58.41418109
335.6666667	58.26596057
335.8333333	58.26474178
336	58.26352472
336.1666667	58.26230937
336.3333333	58.26109576
336.5	58.25988386
336.6666667	58.25867368
336.8333333	58.25746521
337	58.25625846
337.1666667	58.25505341
337.3333333	58.25385008
337.5	58.25264845
337.6666667	58.25144852
337.8333333	58.2502503
338	58.24905377
338.1666667	58.24785894
338.3333333	58.2466658
338.5	58.24547436
338.6666667	58.2442846
338.8333333	58.24309653
339	58.24191015
339.1666667	58.24072544
339.3333333	58.23954242
339.5	58.23836108
339.6666667	58.23718141
339.8333333	58.23600341
340	58.08782709
340.1666667	58.08665243
340.3333333	58.08547944
340.5	58.08430811
340.6666667	58.08313845
340.8333333	58.08197044
341	58.08080409
341.1666667	58.0796394
341.3333333	58.07847636
341.5	58.07731496
341.6666667	58.07615522
341.8333333	57.92799712
342	57.92684066
342.1666667	57.92568585
342.3333333	57.92453267
342.5	57.92338113
342.6666667	57.92223122
342.8333333	57.92108295
343	57.9199363
343.1666667	57.91879128
343.3333333	57.91764789
343.5	57.91650611
343.6666667	57.91536596
343.8333333	57.91422742
344	57.9130905
344.1666667	57.91195519
344.3333333	57.9108215
344.5	57.90968941
344.6666667	57.90855893
344.8333333	57.90743005
345	57.90630277
345.1666667	57.90517709
345.3333333	57.90405301
345.5	57.90293052
345.6666667	57.90180963
345.8333333	57.90069032
346	57.8995726
346.1666667	57.89845647
346.3333333	57.89734192
346.5	57.89622895
346.6666667	57.89511756
346.8333333	57.89400774
347	57.8928995
347.1666667	57.89179283
347.3333333	57.89068773
347.5	57.88958419
347.6666667	57.74148222
347.8333333	57.74038182
348	57.73928297
348.1666667	57.73818568
348.3333333	57.73708994
348.5	57.73599576
348.6666667	57.73490312
348.8333333	57.73381204
349	57.7327225
349.1666667	57.7316345
349.3333333	57.73054805
349.5	57.72946313
349.6666667	57.72837976
349.8333333	57.72729791
350	57.72621761
350.1666667	57.72513883
350.3333333	57.72406158
350.5	57.72298586
350.6666667	57.72191167
350.8333333	57.72083899
351	57.71976784
351.1666667	57.71869821
351.3333333	57.7176301
351.5	57.7165635
351.6666667	57.71549841
351.8333333	57.71443484
352	57.71337277
352.1666667	57.71231222
352.3333333	57.71125316
352.5	57.71019561
352.6666667	57.70913956
352.8333333	57.70808501
353	57.56003196
353.1666667	57.5589804
353.3333333	57.55793034
353.5	57.55688177
353.6666667	57.55583468
353.8333333	57.55478908
354	57.55374497
354.1666667	57.55270234
354.3333333	57.69866119
354.5	57.69762152
354.6666667	57.69658333
354.8333333	57.69554661
355	57.69451137
355.1666667	57.54647759
355.3333333	57.69244529
355.5	57.69141445
355.6666667	57.69038507
355.8333333	57.68935716
356	57.68833071
356.1666667	57.68730572
356.3333333	57.53928219
356.5	57.5382601
356.6666667	57.53723948
356.8333333	57.5362203
357	57.53520257
357.1666667	57.53418629
357.3333333	57.53317145
357.5	57.53215806
357.6666667	57.5311461
357.8333333	57.38313559
358	57.38212651
358.1666667	57.38111886
358.3333333	57.38011265
358.5	57.37910787
358.6666667	57.37810452
358.8333333	57.37710259
359	57.37610209
359.1666667	57.37510301
359.3333333	57.37410535
359.5	57.37310911
359.6666667	57.37211428
359.8333333	57.37112087
360	57.37012887
360.1666667	57.36913829
360.3333333	57.36814911
360.5	57.36716133
360.6666667	57.51317496
360.8333333	57.51219
361	57.51120643
361.1666667	57.51022426
361.3333333	57.50924349
361.5	57.65526411
361.6666667	57.65428613
361.8333333	57.65330954
362	57.50533433
362.1666667	57.50436051
362.3333333	57.50338808
