% Left leg v8 F150
0	3.314071439
1.113656028	2.592541892
2.227312057	3.128458682
3.340968085	3.252605617
4.454624113	3.082568233
5.568280141	3.042237901
6.68193617	2.791317158
7.795592198	2.932538374
8.909248226	2.767335106
10.02290425	3.125155234
11.13656028	3.528925981
12.25021631	2.690237982
13.36387234	2.660938602
14.47752837	3.151220486
15.5911844	3.018655344
15.99478583	3.002491332
16.29926454	4.00204
17.21117242	4.50204
18.1674085	5.00255
19.15950284	5.50255
20.49283617	5.50306
21.82616951	5.50357
23.50074183	5.00459
24.83407516	5.0051
26.1674085	5.00561
27.15950284	5.50612
28.18120184	6.00663
29.22775661	6.50714
30.29547593	7.00765
31.38143377	7.50765
32.48327141	8.00816
33.59905965	8.50918
34.53302209	9.50969
35.68205874	10.0102
36.84001066	10.51071
37.84611216	11.51173
38.87923044	12.51224
39.93519224	13.51326
41.01072063	14.51428
41.98844027	16.0153
43.10246592	17.01632
44.03276093	19.01785
45.09017682	20.51887
46.08475441	22.5204
47.10740145	24.52193
48.15367615	26.52346
49.22010849	28.5255
50.30393599	30.52754
51.34648361	33.02958
52.4618804	35.03213
53.53876393	37.53468
54.63122216	40.03723
55.7373316	42.53978
56.81379145	45.54182
57.90535667	48.54386
58.97325254	52.0459
60.05676373	55.54794
61.12118523	59.551
62.23193051	63.05355
63.32360888	67.05661
64.45537769	70.56018
65.56837718	74.56273
66.71678372	78.0663
67.84682783	82.06885
68.98460487	86.07191
70.10621229	90.57497
71.25795201	94.57854
72.43700467	98.08262
73.59881779	102.08721
74.76530141	106.09078
75.91598779	110.59537
77.09104729	114.59945
78.25047148	119.10353
79.43256645	123.10812
80.63591982	126.61271
81.82316182	130.61781
83.03063439	134.12291
84.2221756	138.12801
85.41570085	142.1326
86.62817415	145.63719
87.84189	149.14178
89.09047672	149.43
90.39006241	149.43
91.72339575	149.43
% relax
0.1666666667	150.0674675
0.3333333333	147.6396404
0.5	145.3192341
0.6666666667	142.4057761
0.8333333333	139.9838287
1	138.0509504
1.166666667	136.6036552
1.333333333	135.6391716
1.5	134.5023223
1.666666667	133.4077109
1.833333333	132.3524707
2	131.3350515
2.166666667	130.3520601
2.333333333	129.1843582
2.5	128.4823067
2.666666667	127.5917026
2.833333333	127.1627123
3	126.540979
3.166666667	126.1613564
3.333333333	125.5855106
3.5	125.2487859
3.666666667	124.7132835
3.833333333	124.1963744
4	123.9143314
4.166666667	123.4306077
4.333333333	122.9617629
4.5	122.5069745
4.666666667	122.2828454
4.833333333	121.8537689
5	121.6538115
5.166666667	121.2474208
5.333333333	121.0687124
5.5	120.8996023
5.666666667	120.5220396
5.833333333	120.3702423
6	120.0088072
6.166666667	119.8720208
6.333333333	119.5250656
6.5	119.4024315
6.666666667	119.0682262
6.833333333	118.9568586
7	118.6337274
7.166666667	118.533431
7.333333333	118.4374518
7.5	118.1284161
7.666666667	118.0416191
7.833333333	117.7408128
8	117.6612207
8.166666667	117.5853976
8.333333333	117.5122503
8.5	117.2254522
8.666666667	117.1585253
8.833333333	117.0943938
9	117.0329279
9.166666667	116.7561169
9.333333333	116.6994324
9.5	116.6442981
9.666666667	116.5917907
9.833333333	116.3230746
10	116.2742164
10.16666667	116.2263568
10.33333333	116.1806753
10.5	116.135897
10.66666667	116.092986
10.83333333	116.0509663
11	116.0104701
11.16666667	115.7534996
11.33333333	115.7151143
11.5	115.6777562
11.66666667	115.4238063
11.83333333	115.3884047
12	115.136139
12.16666667	115.1024147
12.33333333	115.0692441
12.5	114.8194011
12.66666667	114.7877292
12.83333333	114.7564765
13	114.7260991
13.16666667	114.6961298
13.33333333	114.6666625
13.5	114.4204179
13.66666667	114.3919073
13.83333333	114.1465292
14	114.1189943
14.16666667	113.8743204
14.33333333	113.8475995
14.5	113.8211776
14.66666667	113.5775769
14.83333333	113.5518839
15	113.5264129
15.16666667	113.5011423
15.33333333	113.2588901
15.5	113.2342356
15.66666667	113.209753
15.83333333	112.9682131
16	112.9442613
16.16666667	112.9204571
16.33333333	112.8969259
16.5	112.8735783
16.66666667	112.8503578
16.83333333	112.6099157
17	112.5870917
17.16666667	112.5643774
17.33333333	112.5417737
17.5	112.5194023
17.66666667	112.4971259
17.83333333	112.4749401
18	112.4529084
18.16666667	112.4310181
18.33333333	112.4092067
18.5	112.3874707
18.66666667	112.3659055
18.83333333	112.3444195
19	112.5404123
19.16666667	112.7364844
19.33333333	112.9327033
19.5	113.1289801
19.66666667	113.3253123
19.83333333	113.3043113
20	113.0660149
20.16666667	113.0451805
20.33333333	112.8069804
20.5	112.7862633
20.66666667	112.5482404
20.83333333	112.7450854
21	112.7245579
21.16666667	112.4866684
21.33333333	112.4663012
21.5	112.4459702
21.66666667	112.4256743
21.83333333	112.4054124
22	112.3852533
22.16666667	112.3651367
22.33333333	112.3450508
22.5	112.3249947
22.66666667	112.3050033
22.83333333	112.2850839
23	112.2651918
23.16666667	112.2453262
23.33333333	112.2254864
23.5	112.4231558
23.66666667	112.6208591
23.83333333	112.8185863
24	113.0163368
24.16666667	111.8141231
24.33333333	112.0119984
24.5	111.9924825
24.66666667	111.9729879
24.83333333	111.9535141
25	111.9340834
25.16666667	111.9147293
25.33333333	111.8953948
25.5	111.8760795
25.66666667	111.8567831
25.83333333	111.6201127
26	111.6009353
26.16666667	111.5817759
26.33333333	111.5626342
26.5	111.760923
26.66666667	111.7418192
26.83333333	111.9402255
27	111.9212355
27.16666667	111.9022621
27.33333333	111.883305
27.5	111.864364
27.66666667	111.8454947
27.83333333	111.8266704
28	111.8078618
28.16666667	111.7890686
28.33333333	111.7702907
28.5	111.7515361
28.66666667	111.5154641
28.83333333	111.49682
29	109.8607776
29.16666667	110.5421629
29.33333333	110.3061497
29.5	110.2875947
29.66666667	110.4865257
29.83333333	110.468058
30	110.4496044
30.16666667	110.6485778
30.33333333	110.8475651
30.5	111.0466035
30.66666667	111.2457108
30.83333333	111.4448318
31	111.6439665
31.16666667	111.8431147
31.33333333	111.8248633
31.5	111.8066504
31.66666667	111.5711078
31.83333333	111.5529916
32	111.5348885
32.16666667	111.2993857
32.33333333	111.2813089
32.5	111.2632453
32.66666667	111.4626983
32.83333333	111.4447593
33	111.4268333
33.16666667	111.6263332
33.33333333	111.8258459
33.5	112.0253715
33.66666667	112.2249457
33.83333333	112.4245963
34	112.6242595
34.16666667	112.3891094
34.33333333	112.1539719
34.5	111.701434
34.66666667	111.4663215
34.83333333	111.2312823
35	110.9962986
35.16666667	110.9787403
35.33333333	110.9611944
35.5	110.9436609
35.66666667	110.9261397
35.83333333	111.1260439
36	111.1086081
36.16666667	111.3086414
36.33333333	111.2912738
36.5	111.2739185
36.66666667	111.2565754
36.83333333	111.0218314
37	111.0045125
37.16666667	110.7698307
37.33333333	110.7526461
37.5	110.5180606
37.66666667	110.5009001
37.83333333	110.4837516
38	110.4666151
38.16666667	110.4494906
38.33333333	110.432378
38.5	110.632786
38.66666667	110.8332208
38.83333333	111.0336676
39	111.2341261
39.16666667	111.2171835
39.33333333	111.4176657
39.5	111.4007467
39.66666667	111.3838549
39.83333333	111.1496606
40	110.915478
40.16666667	110.6813071
40.33333333	110.6645609
40.5	110.4304133
40.66666667	110.4136904
40.83333333	110.1795661
41	110.1628837
41.16666667	110.1463128
41.33333333	110.3471665
41.5	110.3306187
41.66666667	110.3140824
41.83333333	110.2975577
42	110.0636314
42.16666667	110.0471296
42.33333333	110.0306393
42.5	110.0142668
42.66666667	109.7805054
42.83333333	109.7641685
43	109.747843
43.16666667	109.7315288
43.33333333	109.9326389
43.5	109.9163474
43.66666667	110.1174802
43.83333333	110.3186685
44	110.5199459
44.16666667	110.5038216
44.33333333	110.4877085
44.5	110.4716067
44.66666667	110.455516
44.83333333	110.4394365
45	110.4233682
45.16666667	110.4073111
45.33333333	110.3913333
45.5	110.3754234
45.66666667	110.3595247
45.83333333	110.3436371
46	110.3277605
46.16666667	110.3118949
46.33333333	110.2960404
46.5	110.0627839
46.66666667	110.0469514
46.83333333	110.0311852
47	110.0155021
47.16666667	109.9998299
47.33333333	109.9841687
47.5	109.9685184
47.66666667	110.170292
47.83333333	110.1546634
48	110.1390457
48.16666667	110.1234389
48.33333333	110.1078452
48.5	110.09239
48.66666667	110.0769456
48.83333333	109.844099
49	109.8286762
49.16666667	109.595851
49.33333333	109.5804497
49.5	110.047646
49.66666667	110.032266
49.83333333	110.0168967
50	110.0015763
50.16666667	109.7689482
50.33333333	109.7537437
50.5	109.7385498
50.66666667	109.7233665
50.83333333	109.7081938
51	109.6930317
51.16666667	109.6778801
51.33333333	109.662739
51.5	109.4301955
51.66666667	109.4151067
51.83333333	109.4001318
52	109.1677544
52.16666667	109.1528004
52.33333333	109.1378569
52.5	109.1229238
52.66666667	109.1080011
52.83333333	109.0930888
53	109.0781869
53.16666667	109.0632953
53.33333333	109.0484141
53.5	109.0336589
53.66666667	109.0189362
53.83333333	109.0042238
54	108.7721087
54.16666667	108.7574169
54.33333333	108.7427353
54.5	108.5106509
54.66666667	108.4959898
54.83333333	108.4813389
55	108.4666981
55.16666667	108.4520814
55.33333333	108.6550139
55.5	108.6405435
55.66666667	108.8434963
55.83333333	108.8290462
56	108.8146061
56.16666667	109.0175892
56.33333333	109.0031693
56.5	108.7713464
56.66666667	108.7569466
56.83333333	108.7425568
57	108.728177
57.16666667	108.4965364
57.33333333	108.4823188
57.5	107.7681112
57.66666667	107.7539134
57.83333333	107.7397256
58	107.7255478
58.16666667	107.7113798
58.33333333	107.6972217
58.5	107.6830734
58.66666667	107.6689351
58.83333333	107.6548065
59	107.6407645
59.16666667	107.4093873
59.33333333	107.3954329
59.5	107.1640753
59.66666667	107.1501405
59.83333333	107.1362154
60	107.1223
60.16666667	107.1083944
60.33333333	107.0944985
60.5	107.0806122
60.66666667	107.0667357
60.83333333	107.0528688
61	107.0391107
61.16666667	107.2428229
61.33333333	107.0117187
61.5	106.9980371
61.66666667	106.9843651
61.83333333	106.9707027
62	106.9570498
62.16666667	106.9434064
62.33333333	106.9297726
62.5	106.9161483
62.66666667	107.1199466
62.83333333	107.3237542
63	107.5276347
63.16666667	107.514197
63.33333333	107.5007688
63.5	107.48735
63.66666667	107.4739407
63.83333333	107.2431277
64	107.0123241
64.16666667	106.9989429
64.33333333	106.985571
64.5	106.9722085
64.66666667	106.9588553
64.83333333	107.1629245
65	107.1495899
65.16666667	107.1363802
65.33333333	107.3406281
65.5	107.3274722
65.66666667	107.5317386
65.83333333	107.5186012
66	107.5054731
66.16666667	107.4923541
66.33333333	107.4792444
66.5	107.4661438
66.66666667	107.4530524
66.83333333	107.6573831
67	107.6443099
67.16666667	107.6312459
67.33333333	107.6182953
67.5	107.6054024
67.66666667	107.5925185
67.83333333	107.5796437
68	107.349365
68.16666667	107.3365083
68.33333333	107.1062476
68.5	107.093409
68.66666667	106.8631663
68.83333333	106.8503456
69	106.8375339
69.16666667	106.6073181
69.33333333	106.8119373
69.5	106.7991774
69.66666667	106.7865561
69.83333333	106.5565307
70	106.5439272
70.16666667	106.5313325
70.33333333	106.3013338
70.5	106.2887568
70.66666667	106.0587757
70.83333333	106.0462165
71	106.033666
71.16666667	105.8037113
71.33333333	105.7911785
71.5	105.7786543
71.66666667	105.766139
71.83333333	105.7536618
72	105.7413201
72.16666667	105.7289872
72.33333333	105.9340759
72.5	105.9217603
72.66666667	105.9094534
72.83333333	106.1145682
73	106.1022786
73.16666667	106.0899977
73.33333333	106.2951383
73.5	106.0654616
73.66666667	106.0532065
73.83333333	105.823547
74	105.811309
74.16666667	105.7990796
74.33333333	105.7869768
74.5	105.7749223
74.66666667	105.9802894
74.83333333	105.9682519
75	106.1736359
75.16666667	105.9442024
75.33333333	105.9321904
75.5	105.7027738
75.66666667	105.6907787
75.83333333	107.561379
76	107.3319877
76.16666667	107.1026048
76.33333333	106.8732303
76.5	106.8612772
76.66666667	106.8493324
76.83333333	106.6201147
77	106.6083462
77.16666667	106.596586
77.33333333	106.3674211
77.5	106.1382646
77.66666667	106.1265293
77.83333333	105.8973893
78	105.8856705
78.16666667	105.6565471
78.33333333	105.6448448
78.5	105.4157378
78.66666667	105.404052
78.83333333	105.3923744
79	105.380705
79.16666667	105.3690438
79.33333333	105.3574554
79.5	105.345971
79.66666667	105.3344947
79.83333333	105.3230265
80	105.3115665
80.16666667	105.3001145
80.33333333	105.0712577
80.5	105.0598219
80.66666667	104.8309812
80.83333333	104.6021486
81	104.373324
81.16666667	104.3619204
81.33333333	104.3505248
81.5	104.3391373
81.66666667	104.3277577
81.83333333	104.5337992
82	104.5225109
82.16666667	104.7287302
82.33333333	104.7175444
82.5	104.7063666
82.66666667	104.9126097
82.83333333	104.9014477
83	104.6728806
83.16666667	104.6617343
83.33333333	104.650596
83.5	104.6394655
83.66666667	104.6283429
83.83333333	104.6172281
84	104.6061211
84.16666667	104.595022
84.33333333	104.5839306
84.5	104.572847
84.66666667	104.5617713
84.83333333	104.5508653
85	104.539968
85.16666667	104.7464914
85.33333333	104.7356096
85.5	104.7247355
85.66666667	104.7138691
85.83333333	104.9204234
86	104.6921594
86.16666667	104.681316
86.33333333	104.6704803
86.5	104.4422393
86.66666667	104.4314189
86.83333333	104.4206062
87	104.409801
87.16666667	104.3990035
87.33333333	104.3882135
87.5	104.3774311
87.66666667	104.3668159
87.83333333	104.3562128
88	104.3456172
88.16666667	104.3350291
88.33333333	104.1070356
88.5	104.0964626
88.66666667	104.085897
88.83333333	104.075339
89	104.0647884
89.16666667	103.8368323
89.33333333	103.8262967
89.5	103.8157685
89.66666667	103.8052478
89.83333333	103.7947344
90	103.7842285
90.16666667	103.77373
90.33333333	103.7632388
90.5	103.9702308
90.66666667	103.9599187
90.83333333	103.732201
91	103.7219036
91.16666667	103.7116135
91.33333333	103.7013308
91.5	103.4736424
91.66666667	103.4633743
91.83333333	103.4531134
92	103.4428599
92.16666667	103.4326136
92.33333333	103.6397875
92.5	103.6295558
92.66666667	103.6193312
92.83333333	103.6091139
93	103.5989037
93.16666667	103.3712878
93.33333333	103.3610921
93.5	103.350937
93.66666667	103.1235078
93.83333333	103.1134987
94	103.1034968
94.16666667	103.093502
94.33333333	103.0835144
94.5	103.2909468
94.66666667	103.2809734
94.83333333	103.271007
95	103.4784608
95.16666667	103.4685086
95.33333333	103.4585634
95.5	103.4486254
95.66666667	103.4386943
95.83333333	103.4287703
96	103.4188533
96.16666667	103.4089433
96.33333333	103.1816273
96.5	103.1717313
96.66666667	103.161911
96.83333333	103.1521943
97	103.1424846
97.16666667	103.1327818
97.33333333	103.123086
97.5	103.1133971
97.66666667	103.1037151
97.83333333	103.09404
98	103.0843718
98.16666667	103.0747105
98.33333333	103.065056
98.5	103.0554085
98.66666667	103.0457677
98.83333333	102.8187208
99	102.8090937
99.16666667	102.7994735
99.33333333	102.78986
99.5	102.7802534
99.66666667	102.9880665
99.83333333	102.9784734
100	102.9690529
100.1666667	103.1770522
100.3333333	103.1676452
100.5	103.1582449
100.6666667	102.9314383
100.8333333	102.9220515
101	102.9126714
101.1666667	102.6858849
101.3333333	102.6765182
101.5	102.6671581
101.6666667	102.6578047
101.8333333	102.648458
102	102.6391179
102.1666667	102.8471974
102.3333333	102.8378706
102.5	103.0459633
102.6666667	103.0366497
102.8333333	103.0273427
103	103.0180422
103.1666667	102.7913354
103.3333333	102.7822031
103.5	102.5556751
103.6666667	102.5465667
103.8333333	102.5374648
104	102.5283694
104.1666667	102.5192805
104.3333333	102.5101982
104.5	102.5011223
104.6666667	102.7094659
104.8333333	102.700403
105	102.6913466
105.1666667	102.8997096
105.3333333	102.8906661
105.5	102.881629
105.6666667	102.6551853
105.8333333	102.6461611
106	102.6371432
106.1666667	102.4107188
106.3333333	102.4017137
106.5	102.392715
106.6666667	102.1663428
106.8333333	102.1575223
107	102.1487081
107.1666667	102.3573133
107.3333333	102.3485118
107.5	102.3397166
107.6666667	102.5483408
107.8333333	102.5395582
108	102.5307819
108.1666667	102.522012
108.3333333	102.5132482
108.5	102.2870778
108.6666667	102.2783266
108.8333333	102.2695817
109	102.2608429
109.1666667	102.2521104
109.3333333	102.2433842
109.5	102.2346641
109.6666667	102.2259502
109.8333333	102.2172426
110	102.2085411
110.1666667	102.1998457
110.3333333	102.191284
110.5	102.1827662
110.6666667	102.1742546
110.8333333	102.1657492
111	102.1572498
111.1666667	102.1487566
111.3333333	101.9228565
111.5	101.9143755
111.6666667	101.9059005
111.8333333	101.6800186
112	101.6715559
112.1666667	101.6630991
112.3333333	101.6546484
112.5	101.6462038
112.6666667	101.8551782
112.8333333	101.8467456
113	102.055732
113.1666667	102.0473114
113.3333333	102.0388968
113.5	102.0304882
113.6666667	101.8046726
113.8333333	101.5788629
114	101.5705751
114.1666667	101.3449419
114.3333333	101.3367276
114.5	101.3285193
114.6666667	101.5377299
114.8333333	101.5295334
115	101.5213428
115.1666667	101.7305711
115.3333333	101.7223923
115.5	101.7142194
115.6666667	101.7060523
115.8333333	101.4804781
116	101.4723228
116.1666667	101.2467603
116.3333333	101.2386166
116.5	101.0130657
116.6666667	101.0049337
116.8333333	100.7793945
117	100.771274
117.1666667	100.7631594
117.3333333	100.9724635
117.5	100.9643605
117.6666667	101.1736761
117.8333333	101.3831187
118	101.3751967
118.1666667	101.3672805
118.3333333	101.3593701
118.5	101.1340523
118.6666667	101.1261533
118.8333333	100.900847
119	100.8929593
119.1666667	100.6676644
119.3333333	100.6597881
119.5	100.6519175
119.6666667	100.6440526
119.8333333	100.8536063
120	100.8457526
120.1666667	101.0553176
120.3333333	101.0474752
120.5	101.2570514
120.6666667	101.2492202
120.8333333	101.2413947
121	101.2335747
121.1666667	101.2257603
121.3333333	101.0005385
121.5	100.9927352
121.6666667	100.7675387
121.8333333	100.7599095
122	100.7522858
122.1666667	100.7446677
122.3333333	100.7370551
122.5	100.946861
122.6666667	101.1566724
122.8333333	101.3664893
123	101.3588987
123.1666667	101.5687266
123.3333333	101.5611469
123.5	101.7709857
123.6666667	101.763417
123.8333333	101.7558537
124	101.7482959
124.1666667	101.5233305
124.3333333	101.5157835
124.5	101.2908289
124.6666667	101.2832928
124.8333333	101.275762
125	101.2682366
125.1666667	101.2607166
125.3333333	101.253202
125.5	101.2456928
125.6666667	101.2381889
125.8333333	101.2307945
126	101.2234628
126.1666667	101.2161364
126.3333333	100.9914023
126.5	100.9840866
126.6666667	100.9767762
126.8333333	100.752058
127	100.7447582
127.1666667	100.5200507
127.3333333	100.2953484
127.5	100.2880644
127.6666667	100.0633727
127.8333333	100.0560992
128	100.0488309
128.1666667	100.0415679
128.3333333	100.0343102
128.5	100.2444706
128.6666667	100.2372233
128.8333333	100.4473942
129	100.4401573
129.1666667	100.2155125
129.3333333	100.208286
129.5	100.2010646
129.6666667	100.1938484
129.8333333	99.96922433
130	99.96208015
130.1666667	99.95503976
130.3333333	99.7305915
130.5	99.72356137
130.6666667	99.71653636
130.8333333	99.70951646
131	99.70250167
131.1666667	99.69549198
131.3333333	99.68848737
131.5	99.68148785
131.6666667	99.6744934
131.8333333	99.66750402
132	99.66051969
132.1666667	99.65354042
132.3333333	99.64656619
132.5	99.639597
132.6666667	99.41521983
132.8333333	99.40826069
133	99.40130656
133.1666667	99.39435743
133.3333333	99.3874133
133.5	99.38047416
133.6666667	99.37354
133.8333333	99.36661082
134	99.35968661
134.1666667	99.35276736
134.3333333	99.34589752
134.5	99.55655979
134.6666667	99.54981401
134.8333333	99.54307316
135	99.31892423
135.1666667	99.31219321
135.3333333	99.3054671
135.5	99.08133289
135.6666667	99.07461658
135.8333333	99.06790515
136	99.0611986
136.1666667	99.27190992
136.3333333	99.2652131
136.5	99.47593414
136.6666667	99.46924702
136.8333333	99.46256475
137	99.67330031
137.1666667	99.6666277
137.3333333	99.44254691
137.5	99.43588393
137.6666667	99.21181276
137.8333333	99.20515938
138	99.19851079
138.1666667	99.19186699
138.3333333	99.40264096
138.5	99.3960067
138.6666667	99.3893772
138.8333333	99.38279986
139	99.37633646
139.1666667	99.58729081
139.3333333	99.58083688
139.5	99.57438769
139.6666667	99.35053021
139.8333333	99.34409044
140	99.33765537
140.1666667	99.11381201
140.3333333	99.10738633
140.5	99.10096533
140.6666667	98.87713601
140.8333333	98.87072436
141	98.86431737
141.1666667	98.85791503
141.3333333	98.85151734
141.5	98.84512429
141.6666667	98.83873588
141.8333333	99.04976509
142	99.04338592
142.1666667	99.03701136
142.3333333	99.03064141
142.5	98.80686305
142.6666667	98.80050229
142.8333333	98.79414611
143	98.78779451
143.1666667	98.78144747
143.3333333	98.55769201
143.5	98.55141958
143.6666667	98.54524102
143.8333333	98.75648001
144	98.75031054
144.1666667	98.74414559
144.3333333	98.73798517
144.5	98.73182926
144.6666667	98.72567786
144.8333333	98.71953096
145	98.71338856
145.1666667	98.70725064
145.3333333	98.48370421
145.5	98.47757525
145.6666667	98.47145076
145.8333333	98.46533073
146	98.45921515
146.1666667	98.45310402
146.3333333	98.44699733
146.5	98.44089508
146.6666667	98.43479725
146.8333333	98.42870384
147	98.42261485
147.1666667	98.41653026
147.3333333	98.41045008
147.5	98.40437429
147.6666667	98.39830288
147.8333333	98.39223586
148	98.38617321
148.1666667	98.38011493
148.3333333	98.37415411
148.5	98.15084395
148.6666667	98.14495114
148.8333333	98.13906267
149	98.35059153
149.1666667	98.34471172
149.3333333	98.33883623
149.5	98.33296505
149.6666667	98.32709819
149.8333333	98.32123562
150	98.31537735
150.1666667	98.30952337
150.3333333	98.30367367
150.5	98.29782825
150.6666667	98.07457409
150.8333333	98.0687372
151	98.06290457
151.1666667	98.05707618
151.3333333	98.05125204
151.5	98.04543213
151.6666667	98.03961646
151.8333333	98.25121801
152	98.24541078
152.1666667	98.45702076
152.3333333	98.45122194
152.5	98.44542732
152.6666667	98.4396369
152.8333333	98.43385066
153	98.2106556
153.1666667	98.20487771
153.3333333	97.98181611
153.5	97.97619633
153.6666667	97.9705807
153.8333333	97.96496922
154	97.74194888
154.1666667	97.95375867
154.3333333	97.9481596
154.5	97.94256465
154.6666667	97.93697381
154.8333333	97.93138709
155	97.92580447
155.1666667	98.13763895
155.3333333	98.13206452
155.5	98.12649417
155.6666667	97.90351491
155.8333333	97.89795271
156	97.89239459
156.1666667	97.66942753
156.3333333	97.66387752
156.5	97.65833156
156.6666667	97.65278964
156.8333333	97.64725176
157	97.64171791
157.1666667	97.85360108
157.3333333	97.84807527
157.5	97.84255348
157.6666667	97.83703568
157.8333333	97.83152189
158	97.8260121
158.1666667	97.82050629
158.3333333	97.8150139
158.5	97.59225035
158.6666667	97.58690377
158.8333333	97.58156116
159	97.5762225
159.1666667	97.57088779
159.3333333	97.56555703
159.5	97.56023021
159.6666667	97.55490732
159.8333333	97.54958836
160	97.54427333
160.1666667	97.7563752
160.3333333	97.75106799
160.5	97.74576468
160.6666667	97.74046528
160.8333333	97.51775676
161	97.51246513
161.1666667	97.50717738
161.3333333	97.5018935
161.5	97.4966135
161.6666667	97.49133735
161.8333333	97.26865207
162	97.48079663
162.1666667	97.47553204
162.3333333	97.47027129
162.5	97.46501437
162.6666667	97.45976128
162.8333333	97.45451202
163	97.44926657
163.1666667	97.44402493
163.3333333	97.43878709
163.5	97.43355306
163.6666667	97.42836091
163.8333333	97.42327889
164	97.41820065
164.1666667	97.41312619
164.3333333	97.4080555
164.5	97.40298857
164.6666667	97.3979254
164.8333333	97.39286599
165	97.38781032
165.1666667	97.38275839
165.3333333	97.5951232
165.5	97.59007874
165.6666667	97.58503801
165.8333333	97.580001
166	97.3575547
166.1666667	97.3525251
166.3333333	97.13008621
166.5	97.12506402
166.6666667	97.12004552
166.8333333	97.1150307
167	97.11001956
167.1666667	97.1050121
167.3333333	97.10000831
167.5	97.31242118
167.6666667	97.30742471
167.8333333	97.30243189
168	97.29744271
168.1666667	97.29245718
168.3333333	97.28747529
168.5	97.28249702
168.6666667	97.27752238
168.8333333	97.27255136
169	97.05017095
169.1666667	97.04526357
169.3333333	97.04044441
169.5	97.03562885
169.6666667	97.03081688
169.8333333	97.02600849
170	97.02120369
170.1666667	97.01640246
170.3333333	97.01160481
170.5	97.00681072
170.6666667	97.00202018
170.8333333	96.9972332
171	96.99244977
171.1666667	96.77025689
171.3333333	96.76548054
171.5	96.76070772
171.6666667	96.75593843
171.8333333	96.75117267
172	96.74641042
172.1666667	96.74165168
172.3333333	96.73689644
172.5	96.94955771
172.6666667	96.94480947
172.8333333	96.94006472
173	96.93532346
173.1666667	96.93058568
173.3333333	96.92585137
173.5	96.92112053
173.6666667	96.91639315
173.8333333	96.69425623
174	96.68953577
174.1666667	96.68481875
174.3333333	96.68010518
174.5	96.67539504
174.6666667	96.67068834
174.8333333	96.66604538
175	96.66148347
175.1666667	96.65692498
175.3333333	96.6523699
175.5	96.64781822
175.6666667	96.64326995
175.8333333	96.63872507
176	96.63418359
176.1666667	96.62964549
176.3333333	96.62511077
176.5	96.62057943
176.6666667	96.61605145
176.8333333	96.39411384
177	96.3895926
177.1666667	96.3850747
177.3333333	96.59797316
177.5	96.59346196
177.6666667	96.58895411
177.8333333	96.58444959
178	96.57994839
178.1666667	96.57545053
178.3333333	96.78836898
178.5	96.56646474
178.6666667	96.56197682
178.8333333	96.5574922
179	96.55301088
179.1666667	96.33111986
179.3333333	96.32664512
179.5	96.32217368
179.6666667	96.31770551
179.8333333	96.31324061
180	96.30877899
180.1666667	96.52173363
180.3333333	96.51727853
180.5	96.73023968
180.6666667	96.72583667
180.8333333	96.72152587
181	96.71721832
181.1666667	96.712914
181.3333333	96.49119991
181.5	96.48690205
181.6666667	96.2651944
181.8333333	96.26090298
182	96.25661476
182.1666667	96.25232975
182.3333333	96.24804794
182.5	96.24376933
182.6666667	96.45690691
182.8333333	96.45263468
183	96.66577862
183.1666667	96.87892575
183.3333333	96.87466305
183.5	97.08781651
183.6666667	97.08356014
183.8333333	97.07930692
184	96.85764386
184.1666667	96.85339695
184.3333333	96.63174018
184.5	96.62749955
184.6666667	96.40584905
184.8333333	96.40161468
185	96.39738344
185.1666667	96.39315532
185.3333333	96.38893031
185.5	96.38470841
185.6666667	96.38048962
185.8333333	96.37627393
186	96.37206133
186.1666667	96.36785183
186.3333333	96.58105841
186.5	96.57685508
186.6666667	96.57266353
186.8333333	96.35118408
187	96.34712071
187.1666667	96.3430604
187.3333333	96.55641615
187.5	96.55236195
187.6666667	96.5483108
187.8333333	96.5442627
188	96.75763064
188.1666667	96.75358861
188.3333333	96.74954962
188.5	96.74551365
188.6666667	96.7414807
188.8333333	96.73745077
189	96.73342386
189.1666667	96.72939995
189.3333333	96.72537905
189.5	96.50394814
189.6666667	96.49993323
189.8333333	96.49592132
190	96.49191238
190.1666667	96.48790643
190.3333333	96.26649045
190.5	96.26249045
190.6666667	96.25849342
190.8333333	96.25449934
191	96.46792123
191.1666667	96.24652007
191.3333333	96.24253486
191.5	96.2385526
191.6666667	96.23457328
191.8333333	96.23059689
192	96.00921043
192.1666667	96.00523991
192.3333333	96.0012723
192.5	95.99730762
192.6666667	95.99334584
192.8333333	95.98938698
193	95.98550484
193.1666667	96.19909174
193.3333333	96.41268153
193.5	96.40886122
193.6666667	96.6224568
193.8333333	96.61864226
194	96.6148306
194.1666667	96.61102181
194.3333333	96.6072159
194.5	96.38599985
194.6666667	96.38219966
194.8333333	96.37840233
195	96.15719485
195.1666667	96.15340323
195.3333333	96.14961444
195.5	96.1458285
195.6666667	96.14204539
195.8333333	96.13826511
196	96.13448767
196.1666667	96.34812604
196.3333333	96.34435423
196.5	96.34058524
196.6666667	96.33681905
196.8333333	96.33305568
197	96.1118821
197.1666667	96.10812432
197.3333333	96.10436934
197.5	95.88320414
197.6666667	95.87945473
197.8333333	95.8757081
198	96.08937725
198.1666667	96.08563616
198.3333333	96.29931085
198.5	96.2955753
198.6666667	96.50925551
198.8333333	96.50552547
199	96.50179819
199.1666667	96.49807365
199.3333333	96.71176485
199.5	96.70814948
199.6666667	96.7045562
199.8333333	96.70096566
200	96.69737784
200.1666667	96.69379275
200.3333333	96.69021037
200.5	96.6866307
200.6666667	96.68305375
200.8333333	96.6794795
201	96.67590795
201.1666667	96.6723391
201.3333333	96.88618595
201.5	96.88262248
201.6666667	96.8790617
201.8333333	96.8755036
202	96.87194817
202.1666667	96.65098242
202.3333333	96.64743234
202.5	96.42647192
202.6666667	96.42292717
202.8333333	96.41938507
203	96.19843263
203.1666667	96.19489583
203.3333333	96.19136168
203.5	96.18783017
203.6666667	96.40171429
203.8333333	96.39818805
204	96.39466444
204.1666667	96.39114345
204.3333333	96.38762509
204.5	96.38410934
204.6666667	96.3805962
204.8333333	96.15967267
205	96.15616475
205.1666667	95.93524643
205.3333333	95.93174371
205.5	95.92824358
205.6666667	95.92474604
205.8333333	95.92125108
206	95.91775871
206.1666667	95.91436515
206.3333333	95.91099697
206.5	95.90763136
206.6666667	95.90426832
206.8333333	96.11832084
207	95.89754991
207.1666667	95.89419455
207.3333333	95.89084173
207.5	95.88749146
207.6666667	95.66673073
207.8333333	95.66338554
208	95.66004288
208.1666667	95.65670276
208.3333333	95.65336517
208.5	95.65003009
208.6666667	95.64669754
208.8333333	95.6433675
209	95.64003998
209.1666667	95.63671496
209.3333333	95.63339245
209.5	95.63007244
209.6666667	95.62675493
209.8333333	95.6234399
210	95.62012737
210.1666667	95.39940433
210.3333333	95.39609676
210.5	95.39279168
210.6666667	95.38948906
210.8333333	95.38618892
211	95.60030425
211.1666667	95.59700904
211.3333333	95.59371628
211.5	95.59042599
211.6666667	95.80455114
211.8333333	95.80126575
212	95.7979828
212.1666667	95.79470228
212.3333333	95.79142421
212.5	95.78814857
212.6666667	95.78487536
212.8333333	95.56419157
213	95.56097315
213.1666667	95.55782189
213.3333333	95.55467305
213.5	95.55152662
213.6666667	95.5483826
213.8333333	95.76265398
214	95.75951476
214.1666667	95.97379094
214.3333333	95.97065651
214.5	96.18493747
214.6666667	96.18180782
214.8333333	96.17868055
215	96.17555566
215.1666667	96.17243314
215.3333333	96.169313
215.5	96.16619522
215.6666667	95.94566681
215.8333333	95.94255376
216	95.93944306
216.1666667	95.71892172
216.3333333	95.71581573
216.5	95.71271209
216.6666667	95.70961079
216.8333333	95.70651183
217	95.7034152
217.1666667	95.70032091
217.3333333	95.69722894
217.5	95.6941393
217.6666667	95.90846499
217.8333333	95.90537999
218	95.9022973
218.1666667	95.89921693
218.3333333	95.89613886
218.5	95.6756501
218.6666667	95.67257664
218.8333333	95.66950548
219	95.66643661
219.1666667	95.66337003
219.3333333	95.66030574
219.5	95.65724373
219.6666667	95.654184
219.8333333	95.65112655
220	95.64807137
220.1666667	95.86250643
220.3333333	95.85956623
220.5	95.85662829
220.6666667	95.85369261
220.8333333	95.63334619
221	95.63041502
221.1666667	95.62748609
221.3333333	95.62455942
221.5	95.40422198
221.6666667	95.40129979
221.8333333	95.39837983
222	95.3954621
222.1666667	95.3925466
222.3333333	95.38963332
222.5	95.60413527
222.6666667	95.60122644
222.8333333	95.81573282
223	95.81282841
223.1666667	95.80992621
223.3333333	95.80702622
223.5	95.80412843
223.6666667	95.80123284
223.8333333	95.79833944
224	95.79544824
224.1666667	95.79255922
224.3333333	95.78967239
224.5	95.78678774
224.6666667	95.78390527
224.8333333	95.78102497
225	95.77814685
225.1666667	95.99268389
225.3333333	95.9898101
225.5	96.20435148
225.6666667	96.20148201
225.8333333	96.19861469
226	95.97833653
226.1666667	95.97547352
226.3333333	95.75519966
226.5	95.53492793
226.6666667	95.53207135
226.8333333	95.5292169
227	95.52636459
227.1666667	95.5235144
227.3333333	95.52066635
227.5	95.5178726
227.6666667	95.73254776
227.8333333	95.72981203
228	95.72707842
228.1666667	95.72434692
228.3333333	95.72161752
228.5	95.71889023
228.6666667	95.71616504
228.8333333	95.49602895
229	95.49330795
229.1666667	95.49058905
229.3333333	95.48787223
229.5	95.4851575
229.6666667	95.48244485
229.8333333	95.47973427
230	95.69443878
230.1666667	95.69173235
230.3333333	95.906441
230.5	96.12115171
230.6666667	96.11845148
230.8333333	96.11575332
231	96.11305721
231.1666667	96.11036315
231.3333333	96.10767114
231.5	96.10498119
231.6666667	95.88488027
231.8333333	95.6647814
232	95.66209756
232.1666667	95.65941577
232.3333333	95.656736
232.5	95.65405826
232.6666667	95.65138255
232.8333333	95.64870886
233	95.64603719
233.1666667	95.64336753
233.3333333	95.85811289
233.5	95.85544726
233.6666667	95.85278364
233.8333333	95.85012202
234	95.8474624
234.1666667	95.84480479
234.3333333	95.84214916
234.5	95.83949553
234.6666667	95.61943089
234.8333333	95.61678124
235	95.61413357
235.1666667	95.39415892
235.3333333	95.39161667
235.5	95.38907638
235.6666667	95.60395107
235.8333333	95.60141472
236	95.59888034
236.1666667	95.59634793
236.3333333	95.59381747
236.5	95.59128897
236.6666667	95.58876242
236.8333333	95.58623782
237	95.36630217
237.1666667	95.36378147
237.3333333	95.36126271
237.5	95.14133288
237.6666667	95.13881799
237.8333333	95.13630504
238	95.13379401
238.1666667	95.13128491
238.3333333	95.12877774
238.5	95.12627248
238.6666667	95.12376915
238.8333333	95.12126773
239	95.33618122
239.1666667	95.33368362
239.3333333	95.33118793
239.5	95.32869414
239.6666667	95.32620226
239.8333333	95.32371227
240	95.32122417
240.1666667	95.31873797
240.3333333	95.09884066
240.5	95.09635823
240.6666667	95.09387769
240.8333333	95.09139903
241	95.08892225
241.1666667	95.08644734
241.3333333	95.30138731
241.5	95.29891614
241.6666667	95.29644684
241.8333333	95.5113924
242	95.50892683
242.1666667	95.50646311
242.3333333	95.50400125
242.5	95.50154124
242.6666667	95.28167009
242.8333333	95.27921377
243	95.27682111
243.1666667	95.05705245
243.3333333	95.05469864
243.5	95.05234665
243.6666667	95.0499965
243.8333333	95.04764818
244	95.04530169
244.1666667	95.26037002
244.3333333	95.25802718
244.5	95.25568615
244.6666667	95.25334694
244.8333333	95.25100955
245	95.24867396
245.1666667	95.24634018
245.3333333	95.24400821
245.5	95.24167804
245.6666667	95.23934968
245.8333333	95.2370231
246	95.23469833
246.1666667	95.23237534
246.3333333	95.23005415
246.5	95.22773474
246.6666667	95.22541711
246.8333333	95.22310126
247	95.2207872
247.1666667	95.43588791
247.3333333	95.43357739
247.5	95.43126864
247.6666667	95.42896166
247.8333333	95.20924345
248	95.20693999
248.1666667	95.2046383
248.3333333	94.98492536
248.5	94.98262718
248.6666667	94.98033075
248.8333333	94.76062307
249	94.75833013
249.1666667	94.75603894
249.3333333	94.97116249
249.5	94.96887477
249.6666667	94.9665888
249.8333333	95.18171755
250	95.17943504
250.1666667	95.17715425
250.3333333	95.39228819
250.5	95.39001085
250.6666667	95.38773524
250.8333333	95.16804834
251	95.16577615
251.1666667	95.1635858
251.3333333	95.16140932
251.5	95.15923455
251.6666667	95.15706149
251.8333333	95.15489013
252	95.15272046
252.1666667	95.3679655
252.3333333	95.36579922
252.5	95.36363464
252.6666667	95.57888475
252.8333333	95.57672355
253	95.57456402
253.1666667	95.35499318
253.3333333	95.35283702
253.5	95.35068254
253.6666667	95.13111673
253.8333333	95.12896559
254	94.90940312
254.1666667	94.90725531
254.3333333	94.90510917
254.5	94.90296469
254.6666667	94.90082187
254.8333333	94.8986807
255	94.89654119
255.1666667	94.89440333
255.3333333	95.10968011
255.5	95.10754555
255.6666667	95.10541262
255.8333333	94.88586834
256	94.8837387
256.1666667	94.88161069
256.3333333	94.66207132
256.5	94.65994657
256.6666667	94.65782346
256.8333333	94.65570197
257	94.65358211
257.1666667	94.65146387
257.3333333	94.64934724
257.5	94.86464524
257.6666667	94.86253184
257.8333333	94.86042006
258	95.07572289
258.1666667	95.07361432
258.3333333	95.07150736
258.5	95.069402
258.6666667	94.84988524
258.8333333	94.84778308
259	94.84568251
259.1666667	94.84358353
259.3333333	94.62407314
259.5	94.62201846
259.6666667	94.6200121
259.8333333	94.61800732
260	94.61600413
260.1666667	94.83141551
260.3333333	94.82941546
260.5	94.82741699
260.6666667	94.82542009
260.8333333	94.82342475
261	95.03884399
261.1666667	94.81943878
261.3333333	94.81744814
261.5	94.81545905
261.6666667	94.59605853
261.8333333	94.59407255
262	94.59208813
262.1666667	94.59010526
262.3333333	94.58812393
262.5	94.58614415
262.6666667	94.58416591
262.8333333	94.58218921
263	94.79762705
263.1666667	94.79565342
263.3333333	94.79368133
263.5	94.79171076
263.6666667	94.78974173
263.8333333	94.78777422
264	94.78580824
264.1666667	94.56643077
264.3333333	94.56446783
264.5	94.5625064
264.6666667	94.34313348
264.8333333	94.34117508
265	94.33921819
265.1666667	94.55467581
265.3333333	94.55272193
265.5	94.55076955
265.6666667	94.54881868
265.8333333	94.7642823
266	94.76233442
266.1666667	94.76038804
266.3333333	94.75844314
266.5	94.97391274
266.6666667	94.97197082
266.8333333	94.75261738
267	94.75067843
267.1666667	94.74874096
267.3333333	94.74680497
267.5	94.52745746
267.6666667	94.74293741
267.8333333	94.74100584
268	94.73907574
268.1666667	94.73717885
268.3333333	94.73533467
268.5	94.73349195
268.6666667	94.7316507
268.8333333	94.7298109
269	94.72797255
269.1666667	94.72613566
269.3333333	94.72430023
269.5	94.72246624
269.6666667	94.5032207
269.8333333	94.5013896
270	94.49955995
270.1666667	94.49773173
270.3333333	94.49590496
270.5	94.49407962
270.6666667	94.49225572
270.8333333	94.49043324
271	94.7060252
271.1666667	94.70420559
271.3333333	94.7023874
271.5	94.70057063
271.6666667	94.69875528
271.8333333	94.69694136
272	94.69512885
272.1666667	94.47590475
272.3333333	94.47409507
272.5	94.4722868
272.6666667	94.47047993
272.8333333	94.46867448
273	94.46687042
273.1666667	94.46506777
273.3333333	94.68067952
273.5	94.67887966
273.6666667	94.8944942
273.8333333	94.89269714
274	94.89090146
274.1666667	94.88910718
274.3333333	94.66990128
274.5	94.45069677
274.6666667	94.44890663
274.8333333	94.22970488
275	94.22791751
275.1666667	94.22613152
275.3333333	94.2243469
275.5	94.43997665
275.6666667	94.43819477
275.8333333	94.65382726
276	94.65204812
276.1666667	94.86768334
276.3333333	94.86590693
276.5	95.08154487
276.6666667	94.86235817
276.8333333	94.86058583
277	94.64140184
277.1666667	94.63967579
277.3333333	94.63798602
277.5	94.6362976
277.6666667	94.63461052
277.8333333	94.85033779
278	95.0660664
278.1666667	95.06438334
278.3333333	95.06270163
278.5	95.27843425
278.6666667	95.2767552
278.8333333	95.05766449
279	95.0559881
279.1666667	95.05431305
279.3333333	95.05263931
279.5	94.8335539
279.6666667	94.83188282
279.8333333	94.83021305
280	94.8285446
280.1666667	94.82687746
280.3333333	95.04262464
280.5	95.04096013
280.6666667	95.25670993
280.8333333	95.47246104
281	95.47080045
281.1666667	95.68655416
281.3333333	95.46748318
281.5	95.4658265
281.6666667	95.24675811
281.8333333	95.24510402
282	95.02603822
282.1666667	95.02438672
282.3333333	95.0227365
282.5	95.02108758
282.6666667	95.01943994
282.8333333	95.01779358
283	95.2335615
283.1666667	95.23191771
283.3333333	95.23027519
283.5	95.22863395
283.6666667	95.22699398
283.8333333	95.22535529
284	95.22371786
284.1666667	95.00466871
284.3333333	95.00303382
284.5	94.78398719
284.6666667	94.78235483
284.8333333	94.78072373
285	94.77909388
285.1666667	94.7774653
285.3333333	94.77583797
285.5	94.77421189
285.6666667	94.99000006
285.8333333	94.98837649
286	94.98675416
286.1666667	95.20254607
286.3333333	95.20092623
286.5	95.19937619
286.6666667	95.19783271
286.8333333	95.19629048
287	95.41216248
287.1666667	95.41062271
287.3333333	95.40908418
287.5	95.19013388
287.6666667	95.1885978
287.8333333	95.18706296
288	95.18552934
288.1666667	94.96658394
288.3333333	94.96505276
288.5	94.9635228
288.6666667	94.74458106
288.8333333	94.74305354
289	94.74152723
289.1666667	94.74000213
289.3333333	94.73847824
289.5	94.51954256
289.6666667	94.51802109
289.8333333	94.51650082
290	94.51498175
290.1666667	94.51346389
290.3333333	94.51194722
290.5	94.51043175
290.6666667	94.50891748
290.8333333	94.5074044
291	94.50589252
291.1666667	94.50438182
291.3333333	94.50287231
291.5	94.50136399
291.6666667	94.49985686
291.8333333	94.4983509
292	94.27943313
292.1666667	94.27792954
292.3333333	94.05901412
292.5	94.05751289
292.6666667	94.05601282
292.8333333	94.05451393
293	94.05301621
293.1666667	94.05151965
293.3333333	94.05002427
293.5	94.04853005
293.6666667	94.04703699
293.8333333	94.04554509
294	94.04405436
294.1666667	94.04256478
294.3333333	93.82366336
294.5	93.82217609
294.6666667	93.82068998
294.8333333	93.60179202
295	93.6003082
295.1666667	93.59882554
295.3333333	93.59734402
295.5	93.59586365
295.6666667	93.59438441
295.8333333	93.59290632
296	93.59145987
296.1666667	93.59005334
296.3333333	93.58864795
296.5	93.58724369
296.6666667	93.80325356
296.8333333	93.80185156
297	93.8004507
297.1666667	93.79905095
297.3333333	93.79765234
297.5	93.79625485
297.6666667	93.79485847
297.8333333	93.57605022
298	93.57465609
298.1666667	93.57326308
298.3333333	93.57187118
298.5	93.57048039
298.6666667	93.56909072
298.8333333	93.56770215
299	93.78372769
299.1666667	93.78234135
299.3333333	93.7809561
299.5	93.77957196
299.6666667	93.77818892
299.8333333	93.77680698
300	93.77542614
300.1666667	93.7740464
300.3333333	93.77266775
300.5	93.55387719
300.6666667	93.55250073
300.8333333	93.55112535
301	93.54975107
301.1666667	93.54837787
301.3333333	93.76441876
301.5	93.76304773
301.6666667	93.97909078
301.8333333	93.97772191
302	93.97635412
302.1666667	93.97498741
302.3333333	93.97362177
302.5	93.97225721
302.6666667	93.97089372
302.8333333	93.9695313
303	93.75075695
303.1666667	93.74939666
303.3333333	93.74803744
303.5	93.52926629
303.6666667	93.52790919
303.8333333	93.52655316
304	93.52519819
304.1666667	93.52384427
304.3333333	93.52249142
304.5	93.52113961
304.6666667	93.51978886
304.8333333	93.51843916
305	93.51709051
305.1666667	93.5157429
305.3333333	93.73180935
305.5	93.73046383
305.6666667	93.51170637
305.8333333	93.5103649
306	93.50908744
306.1666667	93.50781101
306.3333333	93.28912262
306.5	93.28784827
306.6666667	93.28657496
306.8333333	93.28530267
307	93.28403142
307.1666667	93.28276119
307.3333333	93.28149199
307.5	93.49763682
307.6666667	93.49636967
307.8333333	93.49510355
308	93.49383845
308.1666667	93.49257436
308.3333333	93.4913113
308.5	93.49004925
308.6666667	93.48878822
308.8333333	93.4875282
309	93.48626919
309.1666667	93.48501119
309.3333333	93.4837542
309.5	93.48249822
309.6666667	93.69865625
309.8333333	93.69740228
310	93.69614931
310.1666667	93.69489734
310.3333333	93.69364638
310.5	93.69239641
310.6666667	93.69114744
310.8333333	93.68989947
311	93.68865248
311.1666667	93.4699935
311.3333333	93.4687485
311.5	93.46750449
311.6666667	93.24884847
311.8333333	93.24760643
312	93.24636538
312.1666667	93.24512532
312.3333333	93.24388623
312.5	93.24264813
312.6666667	93.241411
312.8333333	93.24017486
313	93.45635268
313.1666667	93.45511849
313.3333333	93.45388526
313.5	93.45265301
313.6666667	93.45142173
313.8333333	93.23277841
314	93.23154907
314.1666667	93.23032069
314.3333333	93.01168027
314.5	93.01045381
314.6666667	93.00922832
314.8333333	93.00800379
315	93.00678021
315.1666667	93.2229706
315.3333333	93.22174893
315.5	93.22052822
315.6666667	93.21930847
315.8333333	93.21808966
316	93.21687181
316.1666667	93.21569326
316.3333333	94.39712486
316.5	94.3959704
316.6666667	94.39481689
316.8333333	94.39366432
317	94.1750997
317.1666667	94.17394901
317.3333333	94.17279926
317.5	94.17165045
317.6666667	94.38791557
317.8333333	94.38676863
318	94.38562262
318.1666667	94.38447754
318.3333333	94.38333339
318.5	94.38219016
318.6666667	94.38104787
318.8333333	94.3799065
319	94.37876606
319.1666667	94.16021353
319.3333333	94.15907493
319.5	94.15793725
319.6666667	94.15680049
319.8333333	94.15566465
320	94.15452972
320.1666667	94.1533957
320.3333333	94.3696756
320.5	94.36854341
320.6666667	94.36741213
320.8333333	94.36628176
321	94.3651523
321.1666667	94.58143674
321.3333333	94.36289609
321.5	94.36176934
321.6666667	94.14323049
321.8333333	94.14210554
322	94.14098149
322.1666667	94.13985835
322.3333333	94.13873609
322.5	94.13761473
322.6666667	94.13649427
322.8333333	94.1353747
323	94.13425602
323.1666667	94.35055123
323.3333333	94.34943433
323.5	94.34831831
323.6666667	94.34720318
323.8333333	94.34608894
324	94.34497558
324.1666667	94.3438631
324.3333333	94.3427515
324.5	94.34164078
324.6666667	94.34053093
324.8333333	94.33942197
325	94.33831388
325.1666667	94.33720666
325.3333333	94.33610032
325.5	94.33499484
325.6666667	94.33389024
325.8333333	93.1501995
326	93.14909663
326.1666667	93.14799463
326.3333333	93.14689349
326.5	93.14579322
326.6666667	93.14470411
326.8333333	92.92624872
327	92.92520719
327.1666667	92.92416651
327.3333333	92.9231267
327.5	92.92208774
327.6666667	92.92104963
327.8333333	92.92001238
328	92.91897597
328.1666667	93.13535342
328.3333333	93.13431872
328.5	93.13328486
328.6666667	93.13225186
328.8333333	93.13121969
329	93.13018837
329.1666667	93.12915789
329.3333333	93.12812826
329.5	92.90968646
329.6666667	92.9086585
329.8333333	92.90763138
330	92.9066051
330.1666667	92.90557965
330.3333333	92.90455504
330.5	93.12094425
330.6666667	93.3373343
330.8333333	93.33631218
331	93.33529089
331.1666667	93.33427042
331.3333333	93.33325078
331.5	93.33223197
331.6666667	93.33121398
331.8333333	93.11278381
332	93.11176746
332.1666667	92.89333893
332.3333333	92.89232422
332.5	92.89131033
332.6666667	92.89029726
332.8333333	92.889285
333	92.88827355
333.1666667	92.88726292
333.3333333	93.10366609
333.5	93.10265708
333.6666667	93.10164888
333.8333333	93.10064148
334	93.09963489
334.1666667	93.0986291
334.3333333	93.09762412
334.5	93.09661994
334.6666667	92.87820357
334.8333333	92.87720099
335	92.87619921
335.1666667	92.87519823
335.3333333	92.87419805
335.5	93.09061166
335.6666667	93.08961307
335.8333333	93.08861527
336	93.08761826
336.1666667	93.30403504
336.3333333	93.30303961
336.5	93.30204497
336.6666667	93.30105112
336.8333333	93.30005805
337	93.29906577
337.1666667	93.29807427
337.3333333	93.07967055
337.5	93.07868061
337.6666667	93.07772328
337.8333333	93.07678692
338	93.07585134
338.1666667	93.07491654
338.3333333	93.07398251
338.5	93.07304926
338.6666667	93.07211677
338.8333333	93.07118506
339	93.07025413
339.1666667	93.06932396
339.3333333	93.06839456
339.5	93.06746592
339.6666667	93.06653805
339.8333333	93.06561095
340	93.06468461
340.1666667	92.84634603
340.3333333	92.84542122
340.5	92.84449716
340.6666667	92.84357386
340.8333333	92.84265132
341	92.84172954
341.1666667	93.05822151
341.3333333	93.05730124
341.5	93.27379472
341.6666667	93.27287595
341.8333333	93.27195793
342	93.27104067
342.1666667	93.27012415
342.3333333	93.26920838
342.5	93.26829335
342.6666667	93.26737907
342.8333333	93.04905254
343	93.04813974
343.1666667	93.04722769
343.3333333	93.04631638
343.5	93.04540581
343.6666667	93.04449598
343.8333333	93.04358689
344	93.26009153
344.1666667	93.25918391
344.3333333	93.25827702
344.5	93.25737086
344.6666667	93.25646544
344.8333333	93.25556074
345	93.25465678
345.1666667	93.25375355
345.3333333	93.03543804
345.5	93.03453626
345.6666667	93.0336352
345.8333333	93.03273487
346	93.03183526
346.1666667	93.03093637
346.3333333	93.03003821
346.5	93.02914076
346.6666667	93.02824403
346.8333333	93.24476102
347	93.24386573
347.1666667	93.24297115
347.3333333	93.24207728
347.5	93.24118413
347.6666667	93.24029169
347.8333333	93.23939996
348	93.23850895
348.1666667	93.02020564
348.3333333	93.01931604
348.5	93.01842714
348.6666667	93.23495195
348.8333333	93.23406447
349	93.23321834
349.1666667	93.44979326
349.3333333	93.44895588
349.5	93.66553219
349.6666667	93.66469621
349.8333333	93.88127393
350	93.88043934
350.1666667	93.66219245
350.3333333	95.06135925
350.5	95.06052675
350.6666667	95.05969494
350.8333333	95.05886382
351	95.0580334
351.1666667	95.05720366
351.3333333	95.05637461
351.5	94.83813325
351.6666667	94.83730558
351.8333333	94.83647859
352	94.83565229
352.1666667	94.61741367
352.3333333	94.61658873
352.5	94.61576447
352.6666667	94.6149409
352.8333333	94.614118
353	94.61329579
353.1666667	94.61247425
353.3333333	94.61165338
353.5	94.6108332
353.6666667	94.39260068
353.8333333	94.39178184
354	94.87355067
354.1666667	94.87273318
354.3333333	94.87191635
354.5	94.87110019
354.6666667	94.87028471
354.8333333	94.86946988
355	94.86865573
355.1666667	94.86784224
355.3333333	94.86702941
355.5	94.86621725
355.6666667	94.86540575
355.8333333	95.08200791
356	95.08119773
356.1666667	95.08038821
356.3333333	95.07957935
356.5	94.86135814
356.6666667	94.86055059
356.8333333	94.8597437
357	94.64152446
357.1666667	94.64071887
357.3333333	94.63991394
357.5	94.63910966
357.6666667	94.63830602
357.8333333	94.63750304
358	94.63670071
358.1666667	94.63589902
358.3333333	94.85251098
358.5	94.85171058
358.6666667	94.85091083
358.8333333	94.63269872
359	94.63190026
359.1666667	--