% right leg v4 F150
0	0.2775501704
0.6118383062	0.3988013853
1.223676612	0.08765213457
1.835514919	0.1244322552
2.447353225	0.2218123826
3.059191531	0.0078398465
3.671029837	0.03798814358
4.282868143	-0.05200697779
4.89470645	-0.04257892729
5.272252878	-0.02294068381
5.938919545	-0.1049213851
6.605586211	0.261739312
7.272252878	0.2039873348
7.938919545	0.2413992635
8.605586211	0.1710378845
9.272252878	0.5160950349
9.938919545	0.2376654269
10.60558621	0.2501948779
11.27225288	0.4414207676
11.75037091	0.7250547048
12.41703758	0.8874065718
13.08370425	1.163928021
13.75037091	1.262877999
14.41703758	1.448919713
14.91308475	1.660268443
15.57975142	1.950311297
16.09060092	2.14792035
16.75726758	2.498504493
17.28054497	2.529193414
17.94721164	2.414609997
18.4810713	2.737841386
19.02405022	3.066884864
19.69071688	3.10267503
20.2416357	3.517414381
20.79952983	3.647831668
21.46619649	3.827589306
22.03026692	3.953262795
22.59984438	4.365261626
23.1743627	4.595882087
23.84102937	4.911190864
24.42000533	5.194013732
25.0030232	5.646083128
25.58972274	6.001526951
26.17978976	6.270649403
26.70228923	6.395246775
27.30092945	6.581731931
27.90201044	6.696504923
28.44415802	7.191140325
29.05159771	7.209405703
29.6608868	7.734311653
30.21789963	8.053616656
30.832091	8.55531873
31.39807469	8.667359897
32.01638046	8.850124305
32.58994755	9.63731914
33.16795004	10.19618255
33.79181584	10.81435767
34.37571054	11.3692398
34.96310341	11.78062301
35.55370073	12.63545815
36.14724403	13.1315864
36.74350474	13.66019897
37.34227971	14.26825117
37.94338758	15.23716031
38.51573911	15.97086892
39.122003	16.43223246
39.7014618	17.5852984
40.3120915	18.4278075
40.89760687	19.46512412
41.51197932	20.4817961
42.12770311	21.40314541
42.72033052	22.37993832
43.33912441	23.72803672
43.93606177	24.68263063
44.53533246	25.91053651
45.15828241	27.04615807
45.76108284	28.37594127
46.36581153	29.47306442
46.99219495	30.44026852
47.59986405	31.8304538
48.20915149	33.11204834
48.8199596	34.27660711
49.43219903	35.77918523
50.02838187	37.32357833
50.64365366	39.21372189
51.24362258	40.68726527
51.86155753	42.05970787
52.48053646	43.88354802
53.10050696	45.47179406
53.70637078	47.10913863
54.34323106	48.36512526
54.96589683	49.95703824
55.58937798	51.75211704
56.21363736	53.41459059
56.82491172	55.29498234
57.45085525	56.74628139
58.06426189	58.7588655
58.67879341	61.16018867
59.29438811	63.13751398
59.91098874	65.30649515
60.54073388	67.5142032
61.1589691	69.7360539
61.77807255	72.14242469
62.39800029	74.21072142
63.0187112	76.30273507
63.64016674	78.3624347
64.26233068	80.74160497
64.87431348	83.27750013
65.4872879	85.31264015
66.10119608	87.48391092
66.71598404	89.78820003
67.33160138	92.40726289
67.94800087	94.86654428
68.57498708	97.26848118
69.19268456	100.0972516
69.82065622	102.8840137
70.43952285	105.4871857
71.06838211	107.8562556
71.68830162	110.5049257
72.31795991	113.1803803
72.947947	115.7458298
73.57824758	118.7003225
74.20884689	121.0502167
74.83082788	123.8189494
75.4532268	126.4414518
76.07601809	129.1628907
76.69917719	132.0555467
77.32268047	134.9225742
77.94650513	137.7703732
78.57911477	140.9127446
79.22035778	143.5563735
79.87012956	147.1202383
80.52836454	148.2897628
% relax
0.1666666667	149.8779557
0.3333333333	148.977
0.5	147.9283411
0.6666666667	146.7585758
0.8333333333	145.4737853
1	144.525111
1.166666667	143.6119477
1.333333333	142.7329942
1.5	141.8866463
1.666666667	141.0711995
1.833333333	140.4349405
2	139.8261684
2.166666667	139.0932484
2.333333333	138.534615
2.5	137.8487874
2.666666667	137.184355
2.833333333	136.5399846
3	136.0644139
3.166666667	135.606453
3.333333333	135.1650209
3.5	134.7390392
3.666666667	134.3275441
3.833333333	133.9296168
4	133.6943784
4.166666667	133.3210456
4.333333333	133.1088344
4.5	132.9070555
4.666666667	132.5650307
4.833333333	132.3821444
5	132.0578051
5.166666667	131.7414702
5.333333333	131.4326372
5.5	131.2808143
5.666666667	130.9855527
5.833333333	130.6964358
6	130.5630746
6.166666667	130.2851022
6.333333333	130.1621709
6.5	129.8939574
6.666666667	129.7801674
6.833333333	129.670513
7	129.5647308
7.166666667	129.4625776
7.333333333	129.3638153
7.5	129.2682326
7.666666667	129.1756319
7.833333333	128.9358197
8	128.8486156
8.166666667	128.6138555
8.333333333	128.5313935
8.5	128.3010801
8.666666667	128.2227713
8.833333333	128.146348
9	127.9216946
9.166666667	127.8486951
9.333333333	127.777244
9.5	127.7072449
9.666666667	127.48861
9.833333333	127.421256
10	127.355103
10.16666667	127.2900747
10.33333333	127.226104
10.5	127.1631262
10.66666667	127.1010777
10.83333333	127.0398969
11	126.8295345
11.16666667	126.7699446
11.33333333	126.5610831
11.5	126.5029062
11.66666667	126.295371
11.83333333	126.2384345
12	126.1820593
12.16666667	126.1262167
12.33333333	126.0708791
12.5	126.0160164
12.66666667	125.8115981
12.83333333	125.7575988
13	125.7039979
13.16666667	125.650775
13.33333333	125.5979073
13.5	125.5453713
13.66666667	125.3431476
13.83333333	125.2912232
14	125.0895853
14.16666667	125.038219
14.33333333	124.987108
14.5	124.7862365
14.66666667	124.735593
14.83333333	124.6851682
15	124.6349525
15.16666667	124.4349367
15.33333333	124.3851116
15.5	124.335468
15.66666667	124.2859971
15.83333333	124.2366901
16	124.0375385
16.16666667	123.9885366
16.33333333	123.9396789
16.5	123.8909605
16.66666667	123.8423761
16.83333333	123.6439207
17	123.5955889
17.16666667	123.5473763
17.33333333	123.4992788
17.5	123.3012923
17.66666667	123.2534133
17.83333333	123.2056392
18	123.157968
18.16666667	123.1103973
18.33333333	123.0629242
18.5	122.8655449
18.66666667	122.8182556
18.83333333	122.7710529
19	122.7239353
19.16666667	122.5269019
19.33333333	122.4799518
19.5	122.4330837
19.66666667	122.386296
19.83333333	122.3395867
20	122.2929539
20.16666667	122.2463961
20.33333333	122.1999124
20.5	122.1535023
20.66666667	122.1071649
20.83333333	122.0608994
21	121.8647043
21.16666667	121.8185783
21.33333333	121.7725199
21.5	121.726528
21.66666667	121.6806022
21.83333333	121.6347424
22	121.5889484
22.16666667	121.3932199
22.33333333	121.3475566
22.5	121.3019581
22.66666667	121.106424
22.83333333	121.0609539
23	121.0155471
23.16666667	120.9702029
23.33333333	120.9249205
23.5	120.8796991
23.66666667	120.834538
23.83333333	120.789437
24	120.7443965
24.16666667	120.6994165
24.33333333	120.6544972
24.5	120.4596385
24.66666667	120.4148403
24.83333333	120.3701019
25	120.325423
25.16666667	120.2808033
25.33333333	120.0862424
25.5	120.0417402
25.66666667	119.9972967
25.83333333	119.9529119
26	119.9085856
26.16666667	119.8643179
26.33333333	119.8201086
26.5	119.7759576
26.66666667	119.7318648
26.83333333	119.6878302
27	119.4938536
27.16666667	119.4499347
27.33333333	119.4060735
27.5	119.3622696
27.66666667	119.1685227
27.83333333	119.1248328
28	119.0811997
28.16666667	119.0376238
28.33333333	118.9941052
28.5	118.950644
28.66666667	118.9072406
28.83333333	118.8638949
29	118.8206067
29.16666667	118.6273756
29.33333333	118.5842012
29.5	118.5410832
29.66666667	118.4980211
29.83333333	118.4550148
30	118.4120644
30.16666667	118.3691701
30.33333333	118.1763319
30.5	118.1335499
30.66666667	118.0908244
30.83333333	118.0481553
31	118.0055425
31.16666667	117.9629861
31.33333333	117.9204859
31.5	117.8780418
31.66666667	117.8356538
31.83333333	117.7933218
32	117.7510458
32.16666667	117.7088256
32.33333333	117.6666612
32.5	117.6245525
32.66666667	117.5824994
32.83333333	117.5405019
33	117.49856
33.16666667	117.3066735
33.33333333	117.2648424
33.5	117.2230668
33.66666667	117.1813466
33.83333333	117.1396817
34	117.0980721
34.16666667	117.0565177
34.33333333	117.0150185
34.5	116.9735744
34.66666667	116.9321852
34.83333333	116.890851
35	116.8495716
35.16666667	116.8083471
35.33333333	116.6171774
35.5	116.5760625
35.66666667	116.5350026
35.83333333	116.4939976
36	116.4530474
36.16666667	116.4121522
36.33333333	116.2213118
36.5	116.1805261
36.66666667	116.1397949
36.83333333	116.099118
37	116.0584952
37.16666667	116.0179264
37.33333333	115.8274113
37.5	115.7869499
37.66666667	115.7465423
37.83333333	115.7061884
38	115.6658884
38.16666667	115.6256422
38.33333333	115.58545
38.5	115.5453117
38.66666667	115.5052275
38.83333333	115.4651973
39	115.425221
39.16666667	115.3852986
39.33333333	115.34543
39.5	115.1556152
39.66666667	115.1158541
39.83333333	115.0761466
40	115.0364928
40.16666667	114.9968924
40.33333333	114.8073454
40.5	114.7678515
40.66666667	114.7284108
40.83333333	114.6890229
41	114.6496879
41.16666667	114.6104056
41.33333333	114.5711758
41.5	114.5319987
41.66666667	114.4928741
41.83333333	114.3038022
42	114.114783
42.16666667	113.9258164
42.33333333	113.7369024
42.5	113.3980412
42.66666667	113.2092327
42.83333333	113.1704769
43	113.1317735
43.16666667	113.2431225
43.33333333	113.2045237
43.5	113.315977
43.66666667	113.5774823
43.83333333	113.6890395
44	113.8006484
44.16666667	113.9123089
44.33333333	114.0240211
44.5	113.235785
44.66666667	113.1976004
44.83333333	113.1594676
45	113.2713863
45.16666667	113.0833567
45.33333333	113.0453787
45.5	113.0074524
45.66666667	112.9695776
45.83333333	112.9317543
46	113.0439824
46.16666667	113.1562618
46.33333333	113.1185925
46.5	113.2309743
46.66666667	112.7434072
46.83333333	112.7058911
47	112.6684258
47.16666667	112.4810114
47.33333333	112.4436478
47.5	112.2563348
47.66666667	112.2190726
47.83333333	112.1818608
48	112.1446997
48.16666667	112.107589
48.33333333	112.0705287
48.5	112.1835187
48.66666667	112.1465591
48.83333333	112.1096497
49	112.0727905
49.16666667	112.0359814
49.33333333	111.9992225
49.5	111.9625135
49.66666667	112.0758546
49.83333333	112.0392455
50	112.1526864
50.16666667	112.1161771
50.33333333	111.3297176
50.5	111.4433077
50.66666667	111.4069475
50.83333333	111.5206369
51	111.4843758
51.16666667	111.448164
51.33333333	111.5620017
51.5	111.5258886
51.66666667	111.4898247
51.83333333	111.45381
52	111.4178443
52.16666667	111.3819276
52.33333333	111.3460599
52.5	111.1602411
52.66666667	111.1244711
52.83333333	111.0887499
53	111.0530774
53.16666667	111.1674535
53.33333333	111.1318782
53.5	111.0963514
53.66666667	111.2108731
53.83333333	111.1754432
54	111.1400616
54.16666667	110.9547284
54.33333333	110.9194434
54.5	110.7342067
54.66666667	110.6990181
54.83333333	110.5138776
55	110.4787853
55.16666667	110.4437409
55.33333333	110.2587446
55.5	110.2237962
55.66666667	110.3388957
55.83333333	110.304043
56	110.2692379
56.16666667	110.2344806
56.33333333	110.1997708
56.5	110.1651085
56.66666667	110.1304936
56.83333333	110.095926
57	110.0614058
57.16666667	110.0269327
57.33333333	109.9925067
57.5	109.9581278
57.66666667	109.923796
57.83333333	109.7395111
58	109.7052732
58.16666667	109.6710822
58.33333333	109.6369381
58.5	109.6028407
58.66666667	109.4187902
58.83333333	109.3847864
59	109.3508292
59.16666667	109.3169187
59.33333333	109.2830548
59.5	109.2492374
59.66666667	109.2154664
59.83333333	109.1817417
60	109.1480633
60.16666667	109.114431
60.33333333	109.0808448
60.5	109.0473045
60.66666667	109.0138101
60.83333333	108.9803616
61	108.7969587
61.16666667	108.7636015
61.33333333	108.7302899
61.5	108.6970238
61.66666667	108.6638032
61.83333333	108.4806282
62	108.4474985
62.16666667	108.4144143
62.33333333	108.3813755
62.5	108.348382
62.66666667	108.3154338
62.83333333	108.2825309
63	108.2496733
63.16666667	108.2168609
63.33333333	108.1840937
63.5	108.1513715
63.66666667	108.1186944
63.83333333	108.0860623
64	107.9034751
64.16666667	107.8709327
64.33333333	107.8384351
64.5	107.8059822
64.66666667	107.7735739
64.83333333	107.5912102
65	107.558891
65.16666667	107.5266162
65.33333333	107.4943858
65.5	107.4621997
65.66666667	107.4300578
65.83333333	107.3979602
66	107.3659066
66.16666667	107.3338971
66.33333333	107.3019316
66.5	107.2700101
66.66666667	107.2381324
66.83333333	107.0562986
67	107.0245085
67.16666667	106.8427621
67.33333333	106.8110593
67.5	106.7794001
67.66666667	106.7477844
67.83333333	106.5662122
68	106.5346834
68.16666667	106.653198
68.33333333	106.4717558
68.5	106.4403569
68.66666667	106.4090012
68.83333333	106.3776886
69	106.3464191
69.16666667	106.3151926
69.33333333	106.2840091
69.5	106.2528685
69.66666667	106.2217708
69.83333333	106.1907158
70	106.0097036
70.16666667	105.9787342
70.33333333	105.9478073
70.5	105.9169231
70.66666667	105.8860813
70.83333333	105.8552821
71	105.8245252
71.16666667	105.6438108
71.33333333	105.6131386
71.5	105.5825087
71.66666667	105.5519209
71.83333333	105.5213754
72	105.3408719
72.16666667	105.3104104
72.33333333	105.1299909
72.5	105.0996133
72.66666667	105.0692776
72.83333333	104.8889837
73	104.8587316
73.16666667	104.8285211
73.33333333	104.7983523
73.5	104.7682251
73.66666667	104.7381394
73.83333333	104.7080952
74	104.6780925
74.16666667	104.6481311
74.33333333	104.618211
74.5	104.5883322
74.66666667	104.4084946
74.83333333	104.3786981
75	104.1989427
75.16666667	104.1692284
75.33333333	103.9895551
75.5	103.9599227
75.66666667	103.9303312
75.83333333	103.9007805
76	103.8712706
76.16666667	103.8418013
76.33333333	103.8123728
76.5	103.7829848
76.66666667	103.9036374
76.83333333	103.8743305
77	103.8450641
77.16666667	103.815838
77.33333333	103.7866522
77.5	103.7575067
77.66666667	103.7284014
77.83333333	103.6993363
78	103.6703113
78.16666667	103.6413263
78.33333333	103.4623813
78.5	103.5834762
78.66666667	103.4046109
78.83333333	103.3757855
79	103.4969998
79.16666667	103.3182539
79.33333333	103.4395475
79.5	103.4108808
79.66666667	103.3822535
79.83333333	103.3536658
80	103.3251174
80.16666667	103.2966085
80.33333333	103.2681389
80.5	103.2397086
80.66666667	103.2113176
80.83333333	103.1829657
81	103.154653
81.16666667	103.1263795
81.33333333	103.098145
81.5	103.2199495
81.66666667	103.191793
81.83333333	103.1636754
82	103.1355967
82.16666667	103.1075568
82.33333333	103.0795557
82.5	103.0515934
82.66666667	103.0236697
82.83333333	102.9957847
83	102.9679382
83.16666667	102.9401302
83.33333333	103.0623607
83.5	103.0346296
83.66666667	103.0069368
83.83333333	102.9792823
84	102.951666
84.16666667	102.924088
84.33333333	102.896548
84.5	102.8690461
84.66666667	102.8415822
84.83333333	102.8141563
85	102.7867683
85.16666667	102.7594181
85.33333333	102.7321057
85.5	102.5548311
85.66666667	102.5275942
85.83333333	102.5003949
86	102.4732331
86.16666667	102.446109
86.33333333	102.4190223
86.5	102.391973
86.66666667	102.5149611
86.83333333	102.4879865
87	102.3110492
87.16666667	102.2841491
87.33333333	102.2572861
87.5	102.2304603
87.66666667	102.2036716
87.83333333	102.1769198
88	102.150205
88.16666667	102.1235271
88.33333333	102.0968861
88.5	102.0702819
88.66666667	102.0437145
88.83333333	102.0171838
89	101.9906897
89.16666667	101.9642323
89.33333333	101.9378115
89.5	101.9114272
89.66666667	101.8850794
89.83333333	101.858768
90	101.832493
90.16666667	101.8062544
90.33333333	101.780052
90.5	101.753886
90.66666667	101.7277561
90.83333333	101.7016623
91	101.6756047
91.16666667	101.6495831
91.33333333	101.6235975
91.5	101.5976479
91.66666667	101.5717342
91.83333333	101.5458563
92	101.3700142
92.16666667	101.344208
92.33333333	101.3184374
92.5	101.2927024
92.66666667	101.2670031
92.83333333	101.2413394
93	101.3657111
93.16666667	101.3401184
93.33333333	101.314561
93.5	101.289039
93.66666667	101.2635523
93.83333333	101.2381009
94	101.2126847
94.16666667	101.1873037
94.33333333	101.1619578
94.5	101.1366469
94.66666667	101.1113712
94.83333333	101.0861304
95	101.2109245
95.16666667	101.1857535
95.33333333	101.1606174
95.5	101.2855161
95.66666667	101.2604495
95.83333333	101.2354176
96	101.0604204
96.16666667	101.0354578
96.33333333	101.0105297
96.5	100.9856362
96.66666667	100.8107771
96.83333333	100.7859525
97	100.7611623
97.16666667	100.7364063
97.33333333	100.8616847
97.5	100.8369973
97.66666667	100.8123441
97.83333333	100.787725
98	100.76314
98.16666667	100.5885891
98.33333333	100.5640722
98.5	100.3895892
98.66666667	100.2151401
98.83333333	100.190725
99	100.1663436
99.16666667	99.991996
99.33333333	99.96768213
99.5	99.94340195
99.66666667	99.91915539
99.83333333	99.89494243
100	99.870763
100.1666667	99.84661707
100.3333333	99.82250458
100.5	99.7984255
100.6666667	99.62437978
100.8333333	99.60036737
101	99.57638822
101.1666667	99.55244229
101.3333333	99.52852954
101.5	99.50464992
101.6666667	99.33080338
101.8333333	99.30698988
102	99.28320937
102.1666667	99.25946181
102.3333333	99.23574715
102.5	99.21206535
102.6666667	99.18841635
102.8333333	99.16480012
103	99.14121661
103.1666667	99.11766578
103.3333333	99.09414757
103.5	99.07066194
103.6666667	99.04720885
103.8333333	99.02378826
104	99.00040013
104.1666667	98.82704441
104.3333333	98.80372107
104.5	98.78043006
104.6666667	98.75717134
104.8333333	98.73394486
105	98.7107506
105.1666667	98.6875885
105.3333333	98.66445853
105.5	98.64136063
105.6666667	98.61829478
105.8333333	98.59526093
106	98.57225904
106.1666667	98.54928906
106.3333333	98.52635095
106.5	98.35344468
106.6666667	98.3305702
106.8333333	98.30772747
107	98.28491645
107.1666667	98.11213708
107.3333333	98.08938933
107.5	98.06667314
107.6666667	98.04398847
107.8333333	98.02133526
108	97.99871348
108.1666667	97.97612307
108.3333333	97.95356399
108.5	97.93103619
108.6666667	97.90853961
108.8333333	97.73607423
109	97.71363997
109.1666667	97.69123681
109.3333333	97.66886468
109.5	97.64652355
109.6666667	97.62421336
109.8333333	97.60193408
110	97.57968564
110.1666667	97.557468
110.3333333	97.53528112
110.5	97.51312495
110.6666667	97.49099945
110.8333333	97.46890458
111	97.4468403
111.1666667	97.42480659
111.3333333	97.2528034
111.5	97.23083069
111.6666667	97.20888844
111.8333333	97.1869766
112	97.16509514
112.1666667	97.14324402
112.3333333	97.12142321
112.5	97.09963267
112.6666667	97.07787235
112.8333333	97.05614224
113	96.88444229
113.1666667	96.86277246
113.3333333	96.84113272
113.5	96.81952303
113.6666667	96.79794335
113.8333333	96.77639366
114	96.75487391
114.1666667	96.73338406
114.3333333	96.71192408
114.5	96.69049391
114.6666667	96.66909352
114.8333333	96.64772286
115	96.62638188
115.1666667	96.60507054
115.3333333	96.58378879
115.5	96.56253659
115.6666667	96.54131388
115.8333333	96.52012064
116	96.4989568
116.1666667	96.47782233
116.3333333	96.45671718
116.5	96.4356413
116.6666667	96.41459465
116.8333333	96.39357718
117	96.22258885
117.1666667	96.20162962
117.3333333	96.18069943
117.5	96.15979824
117.6666667	96.13892601
117.8333333	96.11808269
118	96.09726823
118.1666667	96.0764826
118.3333333	96.05572577
118.5	96.0349977
118.6666667	96.01429835
118.8333333	95.99362769
119	95.97298569
119.1666667	95.95237232
119.3333333	95.93178753
119.5	95.91123129
119.6666667	95.89070357
119.8333333	95.87020434
120	95.84973356
120.1666667	95.8292912
120.3333333	95.80887722
120.5	95.78849159
120.6666667	95.76813427
120.8333333	95.74780523
121	95.72750444
121.1666667	95.70723185
121.3333333	95.68698745
121.5	95.66677118
121.6666667	95.64658303
121.8333333	95.62642295
122	95.60629091
122.1666667	95.58618686
122.3333333	95.56611077
122.5	95.54606259
122.6666667	95.52604229
122.8333333	95.50604982
123	95.48608514
123.1666667	95.46614821
123.3333333	95.44623898
123.5	95.42635742
123.6666667	95.40650348
123.8333333	95.38667713
124	95.36687832
124.1666667	95.347107
124.3333333	95.32736314
124.5	95.3076467
124.6666667	95.28795764
124.8333333	95.2682959
125	95.24866146
125.1666667	95.22905427
125.3333333	95.20947429
125.5	95.18992147
125.6666667	95.17039578
125.8333333	95.15089717
126	95.13142561
126.1666667	95.11198105
126.3333333	95.09256346
126.5	95.07317281
126.6666667	95.05380905
126.8333333	95.03447216
127	95.0151621
127.1666667	94.99587883
127.3333333	94.97662232
127.5	94.95739254
127.6666667	94.93818944
127.8333333	94.919013
128	94.89986317
128.1666667	94.88073993
128.3333333	94.86164323
128.5	94.84257305
128.6666667	94.82352934
128.8333333	94.80451208
129	94.78552122
129.1666667	94.76655674
129.3333333	94.74761859
129.5	94.72870674
129.6666667	94.70982116
129.8333333	94.69096181
130	94.67212865
130.1666667	94.65332166
130.3333333	94.63454079
130.5	94.61578601
130.6666667	94.59705729
130.8333333	94.57835458
131	94.55967786
131.1666667	94.54102709
131.3333333	94.52240224
131.5	94.50380326
131.6666667	94.48523013
131.8333333	94.46668281
132	94.44816125
132.1666667	94.42966544
132.3333333	94.41119533
132.5	94.39275089
132.6666667	94.37433208
132.8333333	94.35593887
133	94.33757122
133.1666667	94.3192291
133.3333333	94.30091246
133.5	94.28262129
133.6666667	94.26435554
133.8333333	94.24611517
134	94.22790015
134.1666667	94.20971045
134.3333333	94.19154603
134.5	94.17340686
134.6666667	94.1552929
134.8333333	94.13720411
135	94.11914046
135.1666667	94.10110192
135.3333333	94.08308845
135.5	94.06510002
135.6666667	94.04713659
135.8333333	94.02919813
136	94.0112846
136.1666667	93.99339597
136.3333333	93.9755322
136.5	93.95769327
136.6666667	93.93987913
136.8333333	93.92208975
137	93.90432509
137.1666667	93.88658512
137.3333333	93.86886982
137.5	93.85117913
137.6666667	93.83351303
137.8333333	93.81587148
138	93.79825445
138.1666667	93.7806619
138.3333333	93.7630938
138.5	93.74555012
138.6666667	93.72803081
138.8333333	93.71053585
139	93.6930652
139.1666667	93.67561882
139.3333333	93.65819669
139.5	93.64079876
139.6666667	93.62342502
139.8333333	93.60607541
140	93.58874992
140.1666667	93.57144851
140.3333333	93.55417114
140.5	93.53691778
140.6666667	93.5196884
140.8333333	93.50248297
141	93.48530145
141.1666667	93.4681438
141.3333333	93.45101001
141.5	93.43390003
141.6666667	93.41681383
141.8333333	93.39975138
142	93.38271265
142.1666667	93.36569759
142.3333333	93.34870619
142.5	93.3317384
142.6666667	93.31479419
142.8333333	93.29787353
143	93.2809764
143.1666667	93.26410274
143.3333333	93.24725254
143.5	93.23042575
143.6666667	93.21362235
143.8333333	93.1968423
144	93.18008557
144.1666667	93.16335214
144.3333333	93.14664196
144.5	93.129955
144.6666667	93.11329125
144.8333333	93.09665065
145	93.08003319
145.1666667	93.06343883
145.3333333	93.04686753
145.5	93.03031928
145.6666667	93.01379403
145.8333333	92.99729175
146	92.98081241
146.1666667	92.96435599
146.3333333	92.79792245
146.5	92.78151175
146.6666667	92.76512387
146.8333333	92.74875878
147	92.73241643
147.1666667	92.71609681
147.3333333	92.69979988
147.5	92.83352561
147.6666667	92.81727397
147.8333333	92.80104492
148	92.78483843
148.1666667	92.76865448
148.3333333	92.75249302
148.5	92.58635404
148.6666667	92.5702375
148.8333333	92.55414336
149	92.6880716
149.1666667	92.67202219
149.3333333	92.6559951
149.5	92.63999029
149.6666667	92.62400774
149.8333333	92.60804742
150	92.5921093
150.1666667	92.57619334
150.3333333	92.56029952
150.5	92.5444278
150.6666667	92.52857816
150.8333333	92.51275057
151	92.49694499
151.1666667	92.4811614
151.3333333	92.46539976
151.5	92.44966005
151.6666667	92.43394223
151.8333333	92.41824628
152	92.40257216
152.1666667	92.38691985
152.3333333	92.37128931
152.5	92.35568051
152.6666667	92.34009343
152.8333333	92.32452803
153	92.30898428
153.1666667	92.29346216
153.3333333	92.27796163
153.5	92.26248266
153.6666667	92.24702523
153.8333333	92.2315893
154	92.21617484
154.1666667	92.20078183
154.3333333	92.18541024
154.5	92.17006003
154.6666667	92.15473118
154.8333333	92.13942366
155	92.12413744
155.1666667	92.10887249
155.3333333	92.09362878
155.5	92.07840629
155.6666667	92.06320497
155.8333333	92.04802481
156	92.03286578
156.1666667	91.86772784
156.3333333	91.85261096
156.5	91.83751512
156.6666667	91.82244029
156.8333333	91.95738644
157	91.79235354
157.1666667	91.77734156
157.3333333	91.76235046
157.5	91.74738023
157.6666667	91.73243084
157.8333333	91.71750224
158	91.70259442
158.1666667	91.68770734
158.3333333	91.67284098
158.5	91.65799531
158.6666667	91.64317029
158.8333333	91.6283659
159	91.61358212
159.1666667	91.5988189
159.3333333	91.58407623
159.5	91.71935407
159.6666667	91.7046524
159.8333333	91.68997119
160	91.6753104
160.1666667	91.66067002
160.3333333	91.49605001
160.5	91.48145035
160.6666667	91.466871
160.8333333	91.45231194
161	91.43777314
161.1666667	91.42325457
161.3333333	91.4087562
161.5	91.394278
161.6666667	91.37981995
161.8333333	91.36538202
162	91.35096417
162.1666667	91.33656639
162.3333333	91.32218863
162.5	91.30783088
162.6666667	91.29349311
162.8333333	91.27917528
163	91.26487736
163.1666667	91.25059934
163.3333333	91.23634118
163.5	91.22210285
163.6666667	91.20788432
163.8333333	91.19368557
164	91.32950657
164.1666667	91.31534729
164.3333333	91.3012077
164.5	91.28708778
164.6666667	91.27298751
164.8333333	91.25890685
165	91.24484578
165.1666667	91.23080427
165.3333333	91.2167823
165.5	91.20277983
165.6666667	91.18879686
165.8333333	91.17483334
166	91.16088925
166.1666667	91.14696456
166.3333333	91.13305925
166.5	91.1191733
166.6666667	91.10530667
166.8333333	91.09145934
167	91.07763128
167.1666667	91.06382247
167.3333333	91.05003288
167.5	91.03626248
167.6666667	91.02251125
167.8333333	91.00877916
168	90.99506618
168.1666667	90.98137229
168.3333333	90.81769747
168.5	90.80404167
168.6666667	90.79040489
168.8333333	90.77678709
169	90.91318825
169.1666667	90.89960833
169.3333333	90.88604732
169.5	90.87250519
169.6666667	90.8589819
169.8333333	90.84547745
170	90.83199179
170.1666667	90.81852491
170.3333333	90.80507678
170.5	90.79164738
170.6666667	90.77823667
170.8333333	90.76484464
171	90.75147126
171.1666667	90.7381165
171.3333333	90.72478034
171.5	90.71146275
171.6666667	90.69816371
171.8333333	90.68488319
172	90.67162117
172.1666667	90.65837762
172.3333333	90.64515251
172.5	90.63194583
172.6666667	90.61875754
172.8333333	90.60558761
173	90.59243604
173.1666667	90.57930278
173.3333333	90.56618781
173.5	90.55309111
173.6666667	90.54001265
173.8333333	90.52695242
174	90.66391037
174.1666667	90.65088649
174.3333333	90.63788075
174.5	90.62489312
174.6666667	90.61192359
174.8333333	90.59897212
175	90.58603869
175.1666667	90.57312327
175.3333333	90.56022584
175.5	90.54734638
175.6666667	90.53448486
175.8333333	90.52164125
176	90.50881553
176.1666667	90.49600767
176.3333333	90.48321766
176.5	90.47044546
176.6666667	90.45769105
176.8333333	90.44495441
177	90.28223551
177.1666667	90.26953432
177.3333333	90.25685082
177.5	90.24418499
177.6666667	90.2315368
177.8333333	90.21890623
178	90.20629325
178.1666667	90.19369783
178.3333333	90.18111996
178.5	90.1685596
178.6666667	90.15601674
178.8333333	90.14349134
179	90.13098338
179.1666667	90.11849284
179.3333333	90.10601969
179.5	90.09356391
179.6666667	90.08112548
179.8333333	90.06870436
180	90.05630053
180.1666667	90.04391397
180.3333333	90.03154466
180.5	90.01919256
180.6666667	90.15685765
180.8333333	90.14453992
181	90.13223933
181.1666667	90.11995586
181.3333333	90.10768949
181.5	90.09544019
181.6666667	90.08320795
181.8333333	90.07099274
182	90.05879454
182.1666667	89.89661332
182.3333333	89.88444906
182.5	89.87230175
182.6666667	89.86017135
182.8333333	89.84805784
183	89.83596121
183.1666667	89.82388142
183.3333333	89.81181846
183.5	89.7997723
183.6666667	89.63774293
183.8333333	89.62573031
184	89.61373442
184.1666667	89.60175525
184.3333333	89.58979277
184.5	89.57784695
184.6666667	89.56591778
184.8333333	89.55400523
185	89.54210927
185.1666667	89.5302299
185.3333333	89.66836707
185.5	89.65652078
185.6666667	89.64469099
185.8333333	89.63287768
186	89.62108084
186.1666667	89.45930044
186.3333333	89.44753645
186.5	89.43578886
186.6666667	89.42405764
186.8333333	89.26234277
187	89.25064422
187.1666667	89.23896197
187.3333333	89.22729601
187.5	89.2156463
187.6666667	89.20401283
187.8333333	89.19239557
188	89.3307945
188.1666667	89.3192096
188.3333333	89.30764085
188.5	89.29608822
188.6666667	89.28455169
188.8333333	89.27303124
189	89.11152684
189.1666667	89.10003848
189.3333333	89.08856613
189.5	89.07710977
189.6666667	89.06566937
189.8333333	89.05424492
190	89.04283639
190.1666667	89.03144376
190.3333333	89.02006701
190.5	89.00870611
190.6666667	88.99736104
190.8333333	88.98603179
191	88.97471831
191.1666667	88.96342061
191.3333333	88.95213864
191.5	88.9408724
191.6666667	88.92962185
191.8333333	88.91838698
192	88.90716775
192.1666667	88.89596416
192.3333333	88.88477618
192.5	88.87360378
192.6666667	88.86244695
192.8333333	88.85130565
193	88.84017987
193.1666667	88.82906959
193.3333333	88.81797478
193.5	88.65689542
193.6666667	88.6458315
193.8333333	88.63478299
194	88.62374987
194.1666667	88.61273212
194.3333333	88.60172973
194.5	88.59074266
194.6666667	88.5797709
194.8333333	88.56881443
195	88.70787323
195.1666667	88.69694727
195.3333333	88.68603655
195.5	88.67514103
195.6666667	88.66426069
195.8333333	88.50339552
196	88.6425455
196.1666667	88.4817106
196.3333333	88.4708908
196.5	88.46008608
196.6666667	88.44929643
196.8333333	88.43852182
197	88.57776223
197.1666667	88.56701764
197.3333333	88.40628803
197.5	88.54557338
197.6666667	88.38487367
197.8333333	88.37418888
198	88.36351899
198.1666667	88.35286397
198.3333333	88.34222381
198.5	88.33159848
198.6666667	88.32098797
198.8333333	88.31039226
199	88.29981132
199.1666667	88.28924513
199.3333333	88.27869368
199.5	88.26815693
199.6666667	88.25763488
199.8333333	88.24712751
200	88.23663478
200.1666667	88.22615669
200.3333333	88.2156932
200.5	88.20524432
200.6666667	88.19481
200.8333333	88.18439023
201	88.023985
201.1666667	88.01359428
201.3333333	88.00321806
201.5	87.99285631
201.6666667	87.98250901
201.8333333	87.97217614
202	87.96185769
202.1666667	87.95155363
202.3333333	87.94126395
202.5	87.93098861
202.6666667	87.92072762
202.8333333	87.91048093
203	87.90024855
203.1666667	87.89003043
203.3333333	87.87982657
203.5	87.71963695
203.6666667	87.85946154
203.8333333	87.84930032
204	87.83915328
204.1666667	87.82902039
204.3333333	87.81890164
204.5	87.80879701
204.6666667	87.79870647
204.8333333	87.78863
205	87.77856759
205.1666667	87.76851922
205.3333333	87.75848487
205.5	87.7484645
205.6666667	87.73845812
205.8333333	87.72846569
206	87.7184872
206.1666667	87.70852263
206.3333333	87.69857195
206.5	87.68863515
206.6666667	87.6787122
206.8333333	87.6688031
207	87.65890781
207.1666667	87.64902633
207.3333333	87.63915862
207.5	87.47930468
207.6666667	87.46946448
207.8333333	87.459638
208	87.44982523
208.1666667	87.44002614
208.3333333	87.43024072
208.5	87.42046894
208.6666667	87.56071078
208.8333333	87.55096624
209	87.54123528
209.1666667	87.38151789
209.3333333	87.37181405
209.5	87.36212374
209.6666667	87.35244694
209.8333333	87.34278363
210	87.3331338
210.1666667	87.32349741
210.3333333	87.31387446
210.5	87.30426493
210.6666667	87.29466879
210.8333333	87.28508602
211	87.27551661
211.1666667	87.26596054
211.3333333	87.25641779
211.5	87.24688833
211.6666667	87.08737215
211.8333333	87.07786923
212	87.06837956
212.1666667	87.0589031
212.3333333	87.04943984
212.5	87.03998977
212.6666667	87.03055286
212.8333333	87.0211291
213	87.01171846
213.1666667	87.00232092
213.3333333	86.99293648
213.5	86.9835651
213.6666667	86.97420677
213.8333333	86.96486149
214	86.95552922
214.1666667	86.94620996
214.3333333	86.93690368
214.5	86.92761037
214.6666667	86.91833002
214.8333333	86.9090626
215	86.8998081
215.1666667	86.89056651
215.3333333	86.8813378
215.5	86.87212196
215.6666667	87.01291897
215.8333333	86.85372882
216	86.99455149
216.1666667	86.83538696
216.3333333	86.82623522
216.5	86.81709624
216.6666667	86.80797002
216.8333333	86.79885653
217	86.78975576
217.1666667	86.7806677
217.3333333	86.77159231
217.5	86.7625296
217.6666667	86.75347954
217.8333333	86.89444211
218	86.8854173
218.1666667	86.87640509
218.3333333	86.86740547
218.5	86.85841842
218.6666667	86.84944391
218.8333333	86.84048194
219	86.83153249
219.1666667	86.67259554
219.3333333	86.66367107
219.5	86.65475907
219.6666667	86.64585952
219.8333333	86.63697241
220	86.62809771
220.1666667	86.61923541
220.3333333	86.6103855
220.5	86.60154795
220.6666667	86.59272275
220.8333333	86.58390988
221	86.57510933
221.1666667	86.56632107
221.3333333	86.5575451
221.5	86.54878139
221.6666667	86.54002992
221.8333333	86.53129068
222	86.52256365
222.1666667	86.51384881
222.3333333	86.50514615
222.5	86.49645565
222.6666667	86.48777729
222.8333333	86.47911105
223	86.47045692
223.1666667	86.46181488
223.3333333	86.45318491
223.5	86.44456699
223.6666667	86.43596111
223.8333333	86.42736726
224	86.4187854
224.1666667	86.41021553
224.3333333	86.40165762
224.5	86.39311167
224.6666667	86.38457765
224.8333333	86.37605555
225	86.36754534
225.1666667	86.35904702
225.3333333	86.35056056
225.5	86.34208595
225.6666667	86.33362316
225.8333333	86.32517219
226	86.31673301
226.1666667	86.30830561
226.3333333	86.29988997
226.5	86.29148607
226.6666667	86.28309389
226.8333333	86.27471343
227	86.11634465
227.1666667	86.10798755
227.3333333	86.0996421
227.5	86.09130829
227.6666667	86.08298611
227.8333333	86.07467552
228	86.21637653
228.1666667	86.20808911
228.3333333	86.19981325
228.5	86.19154894
228.6666667	86.18329615
228.8333333	86.17505487
229	86.16682509
229.1666667	86.15860679
229.3333333	86.15039996
229.5	86.14220457
229.6666667	85.98402063
229.8333333	85.9758481
230	85.96768698
230.1666667	85.95953724
230.3333333	85.95139888
230.5	85.94327188
230.6666667	85.93515622
230.8333333	86.07705189
231	86.06895887
231.1666667	86.06087715
231.3333333	86.05280671
231.5	86.04474753
231.6666667	86.0366996
231.8333333	86.02866291
232	86.02063744
232.1666667	86.01262317
232.3333333	86.00462009
232.5	85.84662819
232.6666667	85.83864744
232.8333333	85.83067783
233	85.82271936
233.1666667	85.81477199
233.3333333	85.80683572
233.5	85.94891053
233.6666667	85.9409964
233.8333333	85.93309333
234	85.92520129
234.1666667	85.76732027
234.3333333	85.75945025
234.5	85.75159122
234.6666667	85.74374317
234.8333333	85.73590607
235	85.72807991
235.1666667	85.72026468
235.3333333	85.56246037
235.5	85.55466694
235.6666667	85.5468844
235.8333333	85.68911273
236	85.68135191
236.1666667	85.67360193
236.3333333	85.66586277
236.5	85.65813442
236.6666667	85.65041686
236.8333333	85.64271009
237	85.63501408
237.1666667	85.62732881
237.3333333	85.61965429
237.5	85.61199048
237.6666667	85.60433738
237.8333333	85.59669497
238	85.58906324
238.1666667	85.58144217
238.3333333	85.57383175
238.5	85.56623196
238.6666667	85.55864279
238.8333333	85.55106422
239	85.54349624
239.1666667	85.53593884
239.3333333	85.528392
239.5	85.5208557
239.6666667	85.51332993
239.8333333	85.50581467
240	85.49830992
240.1666667	85.49081565
240.3333333	85.48333186
240.5	85.47585852
240.6666667	85.46839563
240.8333333	85.46094316
241	85.45350111
241.1666667	85.44606945
241.3333333	85.43864818
241.5	85.43123728
241.6666667	85.42383673
241.8333333	85.26644652
242	85.25906664
242.1666667	85.25169707
242.3333333	85.24433779
242.5	85.2369888
242.6666667	85.22965007
242.8333333	85.2223216
243	85.21500336
243.1666667	85.20769534
243.3333333	85.20039754
243.5	85.19310993
243.6666667	85.1858325
243.8333333	85.17856523
244	85.17130812
244.1666667	85.16406115
244.3333333	85.15682431
244.5	85.14959758
244.6666667	85.14238095
244.8333333	85.13517441
245	84.97797793
245.1666667	84.97079151
245.3333333	84.96361514
245.5	84.9564488
245.6666667	84.94929247
245.8333333	84.94214615
246	84.93500982
246.1666667	84.92788346
246.3333333	84.92076706
246.5	84.91366061
246.6666667	85.0565641
246.8333333	85.04947751
247	85.04240082
247.1666667	84.88533403
247.3333333	84.87827711
247.5	84.87123006
247.6666667	84.86419286
247.8333333	84.85716551
248	84.85014797
248.1666667	84.84314025
248.3333333	84.83614232
248.5	84.82915418
248.6666667	84.8221758
248.8333333	84.81520719
249	84.80824831
249.1666667	84.80129916
249.3333333	84.79435973
249.5	84.78743
249.6666667	84.78050995
249.8333333	84.77359958
250	84.91669887
250.1666667	84.75980781
250.3333333	84.75292637
250.5	84.74605456
250.6666667	84.73919235
250.8333333	84.73233973
251	84.72549669
251.1666667	84.71866321
251.3333333	84.71183929
251.5	84.7050249
251.6666667	84.69822003
251.8333333	84.69142467
252	84.83463882
252.1666667	84.82786244
252.3333333	84.82109554
252.5	84.8143381
252.6666667	84.8075901
252.8333333	84.80085154
253	84.79412239
253.1666667	84.78740265
253.3333333	84.78069231
253.5	84.77399134
253.6666667	84.76729975
253.8333333	84.7606175
254	84.7539446
254.1666667	84.74728103
254.3333333	84.74062677
254.5	84.73398182
254.6666667	84.72734615
254.8333333	84.72071976
255	84.71410263
255.1666667	84.70749475
255.3333333	84.70089611
255.5	84.6943067
255.6666667	84.68772649
255.8333333	84.68115548
256	84.67459366
256.1666667	84.51804101
256.3333333	84.51149752
256.5	84.50496317
256.6666667	84.49843796
256.8333333	84.49192186
257	84.63541488
257.1666667	84.62891698
257.3333333	84.62242817
257.5	84.61594842
257.6666667	84.60947773
257.8333333	84.60301608
258	84.59656346
258.1666667	84.59011986
258.3333333	84.43368525
258.5	84.42725964
258.6666667	84.420843
258.8333333	84.41443532
259	84.4080366
259.1666667	84.40164681
259.3333333	84.39526595
259.5	84.538894
259.6666667	84.53253094
259.8333333	84.52617677
260	84.51983148
260.1666667	84.51349505
260.3333333	84.50716747
260.5	84.50084873
260.6666667	84.49453881
260.8333333	84.48823772
261	84.48194542
261.1666667	84.47566193
261.3333333	84.46938721
261.5	84.46312126
261.6666667	84.45686407
261.8333333	84.45061563
262	84.44437592
262.1666667	84.43814494
262.3333333	84.43192267
262.5	84.4257091
262.6666667	84.41950422
262.8333333	84.41330802
263	84.40712048
263.1666667	84.4009416
263.3333333	84.39477136
263.5	84.38860976
263.6666667	84.38245677
263.8333333	84.37631239
264	84.37017661
264.1666667	84.36404941
264.3333333	84.35793079
264.5	84.35182073
264.6666667	84.34571922
264.8333333	84.33962624
265	84.3335418
265.1666667	84.32746587
265.3333333	84.32139845
265.5	84.31533952
265.6666667	84.30928906
265.8333333	84.30324708
266	84.29721356
266.1666667	84.29118848
266.3333333	84.28517184
266.5	84.27916363
266.6666667	84.12316382
266.8333333	84.26717241
267	84.2611894
267.1666667	84.25521476
267.3333333	84.24924848
267.5	84.24329056
267.6666667	84.23734098
267.8333333	84.23139974
268	84.22546681
268.1666667	84.21954219
268.3333333	84.21362587
268.5	84.20771783
268.6666667	84.20181806
268.8333333	84.19592656
269	84.19004331
269.1666667	84.18416829
269.3333333	84.1783015
269.5	84.17244293
269.6666667	84.16659256
269.8333333	84.16075039
270	84.15491639
270.1666667	84.14909057
270.3333333	84.1432729
270.5	84.13746338
270.6666667	84.131662
270.8333333	84.12586874
271	84.12008359
271.1666667	84.11430654
271.3333333	84.10853759
271.5	84.10277671
271.6666667	84.09702389
271.8333333	84.09127913
272	84.08554241
272.1666667	84.07981373
272.3333333	84.07409306
272.5	84.06838041
272.6666667	84.06267575
272.8333333	84.05697908
273	84.05129038
273.1666667	84.04560964
273.3333333	84.03993686
273.5	84.03427201
273.6666667	84.02861509
273.8333333	84.02296609
274	84.017325
274.1666667	84.01169179
274.3333333	84.00606647
274.5	84.00044902
274.6666667	83.99483943
274.8333333	83.98923769
275	83.98364378
275.1666667	83.9780577
275.3333333	83.97247943
275.5	83.96690897
275.6666667	83.96134629
275.8333333	83.95579139
276	83.95024426
276.1666667	83.94470489
276.3333333	83.93917325
276.5	83.93364936
276.6666667	83.92813318
276.8333333	83.92262471
277	83.91712394
277.1666667	84.06163086
277.3333333	84.05614545
277.5	84.0506677
277.6666667	84.04519762
277.8333333	84.03973517
278	83.88428036
278.1666667	83.87883318
278.3333333	83.87339361
278.5	83.86796164
278.6666667	83.86253727
278.8333333	83.85712049
279	84.00171128
279.1666667	83.99630963
279.3333333	83.99091554
279.5	83.985529
279.6666667	83.98014999
279.8333333	83.97477851
280	83.96941454
280.1666667	83.96405808
280.3333333	83.95870911
280.5	83.95336764
280.6666667	83.94803363
280.8333333	83.94270709
281	83.93738801
281.1666667	83.93207638
281.3333333	83.92677218
281.5	83.92147541
281.6666667	83.91618605
281.8333333	83.9109041
282	83.90562955
282.1666667	83.90036238
282.3333333	83.89510259
282.5	83.88985017
282.6666667	83.88460511
282.8333333	83.87936739
283	83.87413701
283.1666667	83.71891395
283.3333333	83.71369822
283.5	83.70848979
283.6666667	83.70328865
283.8333333	83.69809481
284	83.69290824
284.1666667	83.68772894
284.3333333	83.6825569
284.5	83.67739211
284.6666667	83.67223455
284.8333333	83.66708422
285	83.66194111
285.1666667	83.65680521
285.3333333	83.65167651
285.5	83.64655499
285.6666667	83.64144065
285.8333333	83.63633349
286	83.63123348
286.1666667	83.62614061
286.3333333	83.62105489
286.5	83.6159763
286.6666667	83.61090482
286.8333333	83.60584046
287	83.60078319
287.1666667	83.59573301
287.3333333	83.59068992
287.5	83.58565389
287.6666667	83.58062492
287.8333333	83.57560301
288	83.57058814
288.1666667	83.5655803
288.3333333	83.56057948
288.5	83.55558567
288.6666667	83.55059887
288.8333333	83.54561906
289	83.54064623
289.1666667	83.53568037
289.3333333	83.53072148
289.5	83.52576955
289.6666667	83.52082456
289.8333333	83.5158865
290	83.51095537
290.1666667	83.50603116
290.3333333	83.50111385
290.5	83.49620344
290.6666667	83.49129991
290.8333333	83.48640326
291	83.33151348
291.1666667	83.32663056
291.3333333	83.32175448
291.5	83.31688524
291.6666667	83.46202283
291.8333333	83.45716724
292	83.45231846
292.1666667	83.44747648
292.3333333	83.44264129
292.5	83.43781288
292.6666667	83.43299124
292.8333333	83.42817636
293	83.42336823
293.1666667	83.41856684
293.3333333	83.41377219
293.5	83.40898425
293.6666667	83.40420303
293.8333333	83.39942851
294	83.39466069
294.1666667	83.38989955
294.3333333	83.38514508
294.5	83.38039728
294.6666667	83.37565613
294.8333333	83.37092163
295	83.36619376
295.1666667	83.36147251
295.3333333	83.35675789
295.5	83.35204986
295.6666667	83.34734844
295.8333333	83.3426536
296	83.33796534
296.1666667	83.33328365
296.3333333	83.32860851
296.5	83.32393992
296.6666667	83.31927788
296.8333333	83.31462236
297	83.30997337
297.1666667	83.30533089
297.3333333	83.30069492
297.5	83.29606544
297.6666667	83.29144245
297.8333333	83.28682593
298	83.28221589
298.1666667	83.2776123
298.3333333	83.27301517
298.5	83.26842448
298.6666667	83.26384022
298.8333333	83.40926239
299	83.40469097
299.1666667	83.40012596
299.3333333	83.39556735
299.5	83.39101513
299.6666667	83.38646928
299.8333333	83.38192981
300	83.3773967
300.1666667	83.37286995
300.3333333	83.36834954
300.5	83.36383546
300.6666667	83.35932771
300.8333333	83.35482628
301	83.35033116
301.1666667	83.34584234
301.3333333	83.3413598
301.5	83.33688355
301.6666667	83.33241358
301.8333333	83.32794987
302	83.32349241
302.1666667	83.3190412
302.3333333	83.31459623
302.5	83.31015749
302.6666667	83.30572497
302.8333333	83.30129866
303	83.29687855
303.1666667	83.29246463
303.3333333	83.2880569
303.5	83.28365534
303.6666667	83.27925995
303.8333333	83.27487072
304	83.27048764
304.1666667	83.2661107
304.3333333	83.26173989
304.5	83.2573752
304.6666667	83.25301662
304.8333333	83.24866415
305	83.24431777
305.1666667	83.23997748
305.3333333	83.23564327
305.5	83.23131512
305.6666667	83.37699304
305.8333333	83.372677
306	83.36836701
306.1666667	83.36406305
306.3333333	83.35976512
306.5	83.35547321
306.6666667	83.3511873
306.8333333	83.3469074
307	83.34263349
307.1666667	83.33836557
307.3333333	83.33410363
307.5	83.32984766
307.6666667	83.32559765
307.8333333	83.3213536
308	83.31711549
308.1666667	83.31288333
308.3333333	83.3086571
308.5	83.3044368
308.6666667	83.45022241
308.8333333	83.44601393
309	83.44181135
309.1666667	83.43761467
309.3333333	83.43342387
309.5	83.27923896
309.6666667	83.27505991
309.8333333	83.42088673
310	83.4167194
310.1666667	83.41255792
310.3333333	83.40840228
310.5	83.40425247
310.6666667	83.40010849
310.8333333	83.39597032
311	83.24183796
311.1666667	83.2377114
311.3333333	83.23359064
311.5	83.22947566
311.6666667	83.07536647
311.8333333	83.07126304
312	83.06716537
312.1666667	83.06307346
312.3333333	83.0589873
312.5	82.90490687
312.6666667	82.90083218
312.8333333	82.89676321
313	82.89269996
313.1666667	82.88864242
313.3333333	82.88459057
313.5	82.88054442
313.6666667	82.87650396
313.8333333	82.72246917
314	82.71844006
314.1666667	82.7144166
314.3333333	82.7103988
314.5	82.55638665
314.6666667	82.55238014
314.8333333	82.54837925
315	82.544384
315.1666667	82.54039435
315.3333333	82.53641032
315.5	82.68243188
315.6666667	82.67845904
315.8333333	82.67449179
316	82.67053011
316.1666667	82.666574
316.3333333	82.66262345
316.5	82.65867845
316.6666667	82.654739
316.8333333	82.6508051
317	82.64687672
317.1666667	82.64295386
317.3333333	82.63903652
317.5	82.63512469
317.6666667	82.63121836
317.8333333	82.62731752
318	82.62342216
318.1666667	82.61953228
318.3333333	82.61564787
318.5	82.61176893
318.6666667	82.60789543
318.8333333	82.60402738
319	82.60016477
319.1666667	82.59630759
319.3333333	82.59245584
319.5	82.73860949
319.6666667	82.73476856
319.8333333	82.73093302
320	82.72710288
320.1666667	82.72327812
320.3333333	82.71945874
320.5	82.71564472
320.6666667	82.71183607
320.8333333	82.70803277
321	82.70423482
321.1666667	82.7004422
321.3333333	82.54665492
321.5	82.54287295
321.6666667	82.5390963
321.8333333	82.53532496
322	82.53155892
322.1666667	82.52779817
322.3333333	82.5240427
322.5	82.52029251
322.6666667	82.51654758
322.8333333	82.51280792
323	82.65907351
323.1666667	82.65534434
323.3333333	82.65162042
323.5	82.64790172
323.6666667	82.64418824
323.8333333	82.64047998
324	82.63677693
324.1666667	82.63307907
324.3333333	82.62938641
324.5	82.62569892
324.6666667	82.62201662
324.8333333	82.61833948
325	82.6146675
325.1666667	82.61100068
325.3333333	82.607339
325.5	82.60368245
325.6666667	82.60003104
325.8333333	82.59638475
326	82.59274357
326.1666667	82.58910749
326.3333333	82.58547652
326.5	82.58185064
326.6666667	82.57822984
326.8333333	82.57461411
327	82.57100345
327.1666667	82.56739786
327.3333333	82.56379732
327.5	82.56020182
327.6666667	82.55661137
327.8333333	82.55302595
328	82.54944557
328.1666667	82.5458702
328.3333333	82.54229985
328.5	82.53873451
328.6666667	82.53517417
328.8333333	82.53161882
329	82.52806847
329.1666667	82.5245231
329.3333333	82.5209827
329.5	82.51744728
329.6666667	82.51391682
329.8333333	82.51039131
330	82.50687076
330.1666667	82.50335514
330.3333333	82.49984447
330.5	82.49633872
330.6666667	82.4928379
330.8333333	82.489342
331	82.48585101
331.1666667	82.48236492
331.3333333	82.47888373
331.5	82.47540743
331.6666667	82.47193602
331.8333333	82.46846948
332	82.46500782
332.1666667	82.46155102
332.3333333	82.45809908
332.5	82.45465199
332.6666667	82.45120975
332.8333333	82.44777235
333	82.44433978
333.1666667	82.44091203
333.3333333	82.43748911
333.5	82.43407099
333.6666667	82.58065769
333.8333333	82.57724918
334	82.57384547
334.1666667	82.57044654
334.3333333	82.56705239
334.5	82.56366302
334.6666667	82.56027841
334.8333333	82.55689857
335	82.55352348
335.1666667	82.55015313
335.3333333	82.54678753
335.5	82.39342666
335.6666667	82.54007052
335.8333333	82.5367191
336	82.5333724
336.1666667	82.5300304
336.3333333	82.52669311
336.5	82.52336051
336.6666667	82.5200326
336.8333333	82.51670937
337	82.51339082
337.1666667	82.51007694
337.3333333	82.50676772
337.5	82.50346315
337.6666667	82.50016324
337.8333333	82.49686796
338	82.49357733
338.1666667	82.49029132
338.3333333	82.48700994
338.5	82.48373318
338.6666667	82.48046103
338.8333333	82.47719348
339	82.47393053
339.1666667	82.47067217
339.3333333	82.4674184
339.5	82.46416921
339.6666667	82.4609246
339.8333333	82.45768455
340	82.45444906
340.1666667	82.45121812
340.3333333	82.44799174
340.5	82.4447699
340.6666667	82.44155259
340.8333333	82.43833981
341	82.43513156
341.1666667	82.43192782
341.3333333	82.42872859
341.5	82.42553387
341.6666667	82.42234364
341.8333333	82.41915791
342	82.41597666
342.1666667	82.41279989
342.3333333	82.4096276
342.5	82.40645977
342.6666667	82.4032964
342.8333333	82.25013749
343	82.24698302
343.1666667	82.24383299
343.3333333	82.2406874
343.5	82.23754624
343.6666667	82.2344095
343.8333333	82.23127718
344	82.07814926
344.1666667	82.07502575
344.3333333	82.07190664
344.5	82.06879192
344.6666667	82.06568158
344.8333333	81.91257563
345	81.90947404
345.1666667	81.90637682
345.3333333	81.90328396
345.5	82.05019545
345.6666667	82.04711129
345.8333333	82.04403147
346	82.04095598
346.1666667	82.03788482
346.3333333	82.03481799
346.5	82.03175547
346.6666667	82.02869726
346.8333333	82.02564335
347	82.02259373
347.1666667	82.01954841
347.3333333	82.01650737
347.5	82.01347061
347.6666667	82.01043812
347.8333333	82.0074099
348	82.00438594
348.1666667	82.00136622
348.3333333	81.99835076